Hello world
============================================================================================
Device set to : NVIDIA GeForce RTX 3080
============================================================================================
Warning: No joystick found!
crazyflie id: 1
100000000.0 8
loading model :  deq-mpc_quadrotor_obstacles_lagr_static_obstseed0_T5_bsz200_deq_iter6_hdim1024_valfrac1.0_iftlagrangian
press 1 button to takeoff
crazyflie position: [-1.2629 -0.4397  0.7442]
crazyflie position: [-1.2629 -0.4397  0.7442]
crazyflie position: [-1.2629 -0.4396  0.7442]
crazyflie position: [-1.2629 -0.4396  0.7442]
crazyflie position: [-1.2629 -0.4397  0.7442]
crazyflie position: [-1.2629 -0.4397  0.7442]
crazyflie position: [-1.2629 -0.4397  0.7442]
crazyflie position: [-1.2629 -0.4397  0.7442]
crazyflie position: [-1.2629 -0.4396  0.7442]
1press 2 button to run DEQ-MPC scenerio
2desired pos:  [-1.2394 -0.3993  0.968 ] [ 4.2704 -4.3026 -4.5899] [ 4. -4.3033 -4.621 ]
desired pos:  [-1.2577 -0.4046  0.9751] [ 4.087  -4.3549 -4.5196] [ 4.0942 -4.3635 -4.6246]
desired pos:  [-1.2601 -0.4037  0.982 ] [ 4.0634 -4.3469 -4.4506] [ 4.087  -4.3742 -4.6314]
desired pos:  [-1.2621 -0.4013  0.9794] [ 4.0431 -4.3224 -4.476 ] [ 4.0901 -4.374  -4.7205]
desired pos:  [-1.2637 -0.3964  0.9761] [ 4.0273 -4.2737 -4.5092] [ 4.1031 -4.3519 -4.8069]
desired pos:  [-1.2662 -0.3908  0.9796] [ 4.0027 -4.2172 -4.4746] [ 4.1115 -4.3219 -4.8176]
desired pos:  [-1.2695 -0.3848  0.9836] [ 3.9695 -4.1578 -4.4337] [ 4.113  -4.2872 -4.8125]
desired pos:  [-1.2736 -0.3809  0.9861] [ 3.9287 -4.1188 -4.4095] [ 4.1075 -4.271  -4.8213]
desired pos:  [-1.2783 -0.3772  0.9891] [ 3.8815 -4.0811 -4.3793] [ 4.0956 -4.2539 -4.829 ]
desired pos:  [-1.2828 -0.3743  0.9929] [ 3.8368 -4.0524 -4.3409] [ 4.0846 -4.2437 -4.8312]
desired pos:  [-1.289  -0.3707  0.9999] [ 3.7741 -4.0168 -4.2708] [ 4.0525 -4.2236 -4.793 ]
desired pos:  [-1.2947 -0.3678  1.0058] [ 3.7171 -3.9877 -4.2119] [ 4.0227 -4.2078 -4.765 ]
desired pos:  [-1.301  -0.3655  1.0123] [ 3.6543 -3.9645 -4.1467] [ 3.9847 -4.1965 -4.7464]
desired pos:  [-1.3079 -0.363   1.0209] [ 3.5852 -3.9391 -4.0607] [ 3.9368 -4.1814 -4.7123]
desired pos:  [-1.315  -0.3602  1.0299] [ 3.5145 -3.9118 -3.9709] [ 3.8834 -4.163  -4.6781]
desired pos:  [-1.3221 -0.3568  1.0411] [ 3.4437 -3.8776 -3.8591] [ 3.8257 -4.1361 -4.6243]
desired pos:  [-1.3291 -0.3534  1.0529] [ 3.3731 -3.8431 -3.7416] [ 3.7639 -4.1076 -4.5635]
desired pos:  [-1.3362 -0.3495  1.0655] [ 3.3021 -3.8039 -3.6148] [ 3.6973 -4.0731 -4.4902]
desired pos:  [-1.3431 -0.3457  1.0784] [ 3.2338 -3.7661 -3.4864] [ 3.6293 -4.0387 -4.4037]
desired pos:  [-1.3489 -0.3413  1.0909] [ 3.175  -3.7227 -3.3614] [ 3.5671 -3.9976 -4.3074]
desired pos:  [-1.3539 -0.3365  1.1028] [ 3.1254 -3.6749 -3.2424] [ 3.5112 -3.9513 -4.2047]
desired pos:  [-1.3584 -0.3315  1.1143] [ 3.0806 -3.6244 -3.1269] [ 3.458  -3.9018 -4.0896]
desired pos:  [-1.3622 -0.326   1.1249] [ 3.0428 -3.5695 -3.021 ] [ 3.4104 -3.8472 -3.9722]
desired pos:  [-1.3661 -0.3202  1.1356] [ 3.0036 -3.511  -2.9142] [ 3.3612 -3.7884 -3.8407]
desired pos:  [-1.3698 -0.3141  1.1437] [ 2.9664 -3.4505 -2.833 ] [ 3.3147 -3.727  -3.7167]
desired pos:  [-1.3731 -0.3081  1.1499] [ 2.933  -3.3905 -2.7715] [ 3.273  -3.6654 -3.5973]
desired pos:  [-1.3772 -0.3024  1.1547] [ 2.8928 -3.3331 -2.7232] [ 3.2264 -3.6055 -3.4789]
desired pos:  [-1.3816 -0.2938  1.1597] [ 2.8484 -3.2473 -2.6728] [ 3.1777 -3.5164 -3.348 ]
desired pos:  [-1.3849 -0.2864  1.1611] [ 2.8156 -3.1729 -2.6589] [ 3.143  -3.4375 -3.2599]
desired pos:  [-1.3896 -0.2782  1.164 ] [ 2.7685 -3.0911 -2.6305] [ 3.0966 -3.35   -3.1714]
desired pos:  [-1.3927 -0.2696  1.1658] [ 2.737  -3.0056 -2.6117] [ 3.0687 -3.2574 -3.1032]
desired pos:  [-1.3967 -0.2609  1.1688] [ 2.6976 -2.9185 -2.5818] [ 3.0352 -3.1621 -3.0372]
desired pos:  [-1.4003 -0.2522  1.1711] [ 2.661  -2.8316 -2.5595] [ 3.0067 -3.0658 -2.9923]
desired pos:  [-1.4044 -0.2441  1.1741] [ 2.62   -2.7506 -2.5293] [ 2.9753 -2.9745 -2.9499]
desired pos:  [-1.4098 -0.235   1.1764] [ 2.5665 -2.6589 -2.5066] [ 2.9322 -2.872  -2.9234]
desired pos:  [-1.4158 -0.2254  1.1799] [ 2.5068 -2.5633 -2.4714] [ 2.8828 -2.7653 -2.8865]
desired pos:  [-1.4223 -0.2148  1.1822] [ 2.4415 -2.4571 -2.448 ] [ 2.8272 -2.6481 -2.8631]
desired pos:  [-1.4304 -0.204   1.1856] [ 2.3606 -2.3489 -2.4138] [ 2.7547 -2.5293 -2.8311]
desired pos:  [-1.4374 -0.1932  1.1886] [ 2.2903 -2.2414 -2.3842] [ 2.6912 -2.4119 -2.7987]
desired pos:  [-1.444  -0.1831  1.1909] [ 2.2249 -2.1408 -2.3615] [ 2.6309 -2.3018 -2.7804]
desired pos:  [-1.452  -0.1747  1.1943] [ 2.1443 -2.0569 -2.3272] [ 2.5536 -2.209  -2.7504]
desired pos:  [-1.4584 -0.1659  1.1967] [ 2.0804 -1.9684 -2.3032] [ 2.4908 -2.1126 -2.7282]
desired pos:  [-1.4669 -0.1585  1.2001] [ 1.9958 -1.8949 -2.2687] [ 2.4056 -2.0318 -2.6932]
desired pos:  [-1.4737 -0.1515  1.2028] [ 1.9269 -1.8246 -2.2421] [ 2.3345 -1.955  -2.662 ]
desired pos:  [-1.4796 -0.1451  1.2054] [ 1.8684 -1.7607 -2.2158] [ 2.272  -1.8849 -2.6395]
desired pos:  [-1.4854 -0.139   1.2095] [ 1.8107 -1.6991 -2.1751] [ 2.2089 -1.8176 -2.6018]
desired pos:  [-1.4924 -0.1323  1.213 ] [ 1.7405 -1.6325 -2.14  ] [ 2.1324 -1.7458 -2.5653]
desired pos:  [-1.498  -0.1258  1.2164] [ 1.6848 -1.5678 -2.1059] [ 2.0692 -1.6763 -2.5339]
desired pos:  [-1.504  -0.1191  1.2203] [ 1.6247 -1.5001 -2.0672] [ 2.0007 -1.6041 -2.4975]
desired pos:  [-1.5101 -0.1124  1.2238] [ 1.563  -1.4338 -2.0324] [ 1.93   -1.5338 -2.4624]
desired pos:  [-1.5164 -0.1046  1.2271] [ 1.5002 -1.3551 -1.9991] [ 1.8574 -1.4516 -2.4316]
desired pos:  [-1.5225 -0.0976  1.2309] [ 1.4398 -1.2853 -1.9608] [ 1.7866 -1.3785 -2.3963]
desired pos:  [-1.5275 -0.0896  1.2346] [ 1.3897 -1.2057 -1.9241] [ 1.7258 -1.2962 -2.3591]
desired pos:  [-1.5333 -0.0818  1.2385] [ 1.3318 -1.1274 -1.8848] [ 1.6566 -1.2158 -2.3151]
desired pos:  [-1.5382 -0.0741  1.2421] [ 1.2824 -1.0507 -1.8492] [ 1.5957 -1.1375 -2.2716]
desired pos:  [-1.5418 -0.0666  1.2451] [ 1.2462 -0.975  -1.8194] [ 1.5474 -1.0608 -2.2365]
desired pos:  [-1.545  -0.0594  1.2484] [ 1.2141 -0.9039 -1.7866] [ 1.5025 -0.9892 -2.2019]
desired pos:  [-1.5479 -0.0522  1.2513] [ 1.1857 -0.8309 -1.7571] [ 1.4609 -0.9164 -2.1723]
desired pos:  [-1.5497 -0.0435  1.2539] [ 1.167  -0.7442 -1.731 ] [ 1.4285 -0.8303 -2.1488]
desired pos:  [-1.5522 -0.0334  1.2569] [ 1.1427 -0.6437 -1.7008] [ 1.3901 -0.731  -2.1186]
desired pos:  [-1.5532 -0.0224  1.2593] [ 1.1325 -0.5334 -1.6775] [ 1.3656 -0.6223 -2.0918]
desired pos:  [-1.553  -0.011   1.2613] [ 1.1343 -0.4198 -1.6572] [ 1.3528 -0.5105 -2.0679]
desired pos:  [-1.5537  0.0017  1.264 ] [ 1.1276 -0.2928 -1.63  ] [ 1.3317 -0.3855 -2.0267]
desired pos:  [-1.5516  0.0136  1.2648] [ 1.1489 -0.1733 -1.6226] [ 1.3383 -0.268  -1.9999]
desired pos:  [-1.5491  0.0255  1.266 ] [ 1.1731 -0.0547 -1.6105] [ 1.3476 -0.1512 -1.9718]
desired pos:  [-1.5469  0.0386  1.2679] [ 1.1949  0.0768 -1.5913] [ 1.3547 -0.0211 -1.9299]
desired pos:  [-1.5439  0.0501  1.2685] [ 1.2249  0.1915 -1.5852] [ 1.3697  0.0928 -1.9028]
desired pos:  [-1.5403  0.0618  1.2694] [ 1.2617  0.309  -1.5763] [ 1.3909  0.2102 -1.8878]
desired pos:  [-1.5358  0.0727  1.2704] [ 1.306   0.4175 -1.566 ] [ 1.4189  0.3197 -1.8857]
desired pos:  [-1.5328  0.0837  1.2732] [ 1.3366  0.5277 -1.5383] [ 1.4332  0.4321 -1.8717]
desired pos:  [-1.5294  0.0951  1.2763] [ 1.3706  0.6413 -1.5073] [ 1.4512  0.5493 -1.8513]
desired pos:  [-1.526   0.1062  1.2798] [ 1.4042  0.753  -1.4726] [ 1.4691  0.6659 -1.828 ]
desired pos:  [-1.5205  0.1176  1.2829] [ 1.4594  0.8667 -1.4414] [ 1.5085  0.7861 -1.814 ]
desired pos:  [-1.5152  0.1283  1.2865] [ 1.5128  0.9735 -1.4051] [ 1.5463  0.9011 -1.7981]
desired pos:  [-1.5097  0.1388  1.2905] [ 1.567   1.0781 -1.365 ] [ 1.5852  1.0155 -1.7767]
desired pos:  [-1.5032  0.1483  1.295 ] [ 1.6319  1.1736 -1.3202] [ 1.6354  1.1223 -1.7435]
desired pos:  [-1.4966  0.1564  1.2987] [ 1.6985  1.2546 -1.2829] [ 1.6878  1.2163 -1.7123]
desired pos:  [-1.4897  0.1642  1.303 ] [ 1.7679  1.3328 -1.2404] [ 1.7435  1.3091 -1.6749]
desired pos:  [-1.4834  0.171   1.3069] [ 1.8303  1.4008 -1.2008] [ 1.7931  1.3932 -1.6344]
desired pos:  [-1.4778  0.1767  1.3097] [ 1.8862  1.4573 -1.1728] [ 1.8368  1.467  -1.5995]
desired pos:  [-1.4732  0.1818  1.3121] [ 1.9327  1.5085 -1.1496] [ 1.8718  1.5368 -1.5653]
desired pos:  [-1.4679  0.1862  1.3141] [ 1.9857  1.5528 -1.1291] [ 1.9141  1.6001 -1.5233]
desired pos:  [-1.4632  0.1883  1.3142] [ 2.0326  1.5733 -1.1277] [ 1.951   1.6403 -1.4959]
desired pos:  [-1.4568  0.191   1.3157] [ 2.0965  1.6003 -1.1132] [ 2.0054  1.6881 -1.4581]
desired pos:  [-1.4507  0.193   1.3163] [ 2.1577  1.6209 -1.1072] [ 2.058   1.7294 -1.422 ]
desired pos:  [-1.4451  0.1944  1.3166] [ 2.2132  1.635  -1.1038] [ 2.1054  1.7648 -1.388 ]
desired pos:  [-1.4396  0.1942  1.3163] [ 2.2679  1.6327 -1.1071] [ 2.1529  1.7842 -1.3636]
desired pos:  [-1.4353  0.1936  1.3157] [ 2.3112  1.6262 -1.1131] [ 2.1901  1.7988 -1.3316]
desired pos:  [-1.4287  0.1924  1.3129] [ 2.3778  1.6147 -1.1407] [ 2.2515  1.8085 -1.3203]
desired pos:  [-1.4224  0.1896  1.3109] [ 2.4404  1.5863 -1.1611] [ 2.3098  1.8014 -1.3081]
desired pos:  [-1.4144  0.1863  1.3079] [ 2.5205  1.5531 -1.191 ] [ 2.3868  1.7896 -1.3124]
desired pos:  [-1.4076  0.1832  1.3062] [ 2.5888  1.5225 -1.2084] [ 2.4532  1.7805 -1.3149]
desired pos:  [-1.4007  0.1801  1.3053] [ 2.6577  1.4912 -1.2176] [ 2.5218  1.7702 -1.3109]
desired pos:  [-1.3933  0.176   1.3033] [ 2.7312  1.4502 -1.2372] [ 2.5964  1.7498 -1.3253]
desired pos:  [-1.3838  0.1721  1.3018] [ 2.8259  1.4118 -1.2525] [ 2.6941  1.732  -1.3531]
desired pos:  [-1.3767  0.1681  1.3021] [ 2.8976  1.3719 -1.2496] [ 2.7706  1.7117 -1.3676]
desired pos:  [-1.3682  0.1631  1.3017] [ 2.9822  1.3217 -1.2536] [ 2.8619  1.6799 -1.3922]
desired pos:  [-1.36    0.1575  1.3026] [ 3.0644  1.2654 -1.2447] [ 2.9527  1.6408 -1.4103]
desired pos:  [-1.3514  0.1517  1.3042] [ 3.1499  1.2077 -1.2284] [ 3.0482  1.5987 -1.4189]
desired pos:  [-1.3434  0.1458  1.3058] [ 3.2301  1.1487 -1.2125] [ 3.1399  1.5536 -1.4285]
desired pos:  [-1.3361  0.1402  1.308 ] [ 3.3037  1.0928 -1.1903] [ 3.2261  1.5099 -1.4315]
desired pos:  [-1.3292  0.1343  1.3129] [ 3.3719  1.0337 -1.141 ] [ 3.3093  1.4623 -1.4406]
desired pos:  [-1.3241  0.1276  1.3454] [ 3.4234  0.9665 -0.8158] [ 3.4318  1.403  -1.425 ]
desired pos:  [-1.3194  0.124   1.3633] [ 3.4704  0.9306 -0.6376] [ 3.5308  1.352  -1.4134]
desired pos:  [-1.3114  0.1184  1.3678] [ 3.5505  0.8743 -0.5921] [ 3.61    1.3066 -1.3749]
desired pos:  [-1.299   0.1111  1.3655] [ 3.6744  0.8015 -0.6149] [ 3.7012  1.2522 -1.2496]
desired pos:  [-1.2909  0.1056  1.3732] [ 3.7554  0.7462 -0.5379] [ 3.7714  1.2073 -1.0565]
desired pos:  [-1.2873  0.0995  1.3767] [ 3.7919  0.6851 -0.5029] [ 3.8174  1.1476 -0.9168]
desired pos:  [-1.2854  0.0964  1.3767] [ 3.8102  0.6543 -0.5032] [ 3.8468  1.1183 -0.8605]
desired pos:  [-1.2845  0.0906  1.3801] [ 3.8189  0.5963 -0.469 ] [ 3.868   1.0621 -0.8242]
desired pos:  [-1.2847  0.0858  1.3839] [ 3.8178  0.5483 -0.4313] [ 3.8786  1.0157 -0.7899]
desired pos:  [-1.2864  0.0803  1.388 ] [ 3.8005  0.4941 -0.3904] [ 3.8719  0.9627 -0.7398]
desired pos:  [-1.2855  0.0747  1.3901] [ 3.8094  0.4381 -0.3695] [ 3.8904  0.9073 -0.7142]
desired pos:  [-1.2868  0.0702  1.3936] [ 3.7964  0.393  -0.3343] [ 3.886   0.862  -0.6818]
desired pos:  [-1.2845  0.0653  1.3956] [ 3.8192  0.3434 -0.3141] [ 3.9163  0.8111 -0.6731]
desired pos:  [-1.2831  0.0608  1.4002] [ 3.8331  0.2984 -0.268 ] [ 3.9365  0.7634 -0.6481]
desired pos:  [-1.2808  0.0549  1.4051] [ 3.8564  0.24   -0.2194] [ 3.9647  0.701  -0.6136]
desired pos:  [-1.279   0.0503  1.41  ] [ 3.8746  0.1937 -0.1699] [ 3.9864  0.6492 -0.5829]
desired pos:  [-1.2771  0.044   1.4157] [ 3.8936  0.1307 -0.1134] [ 4.0077  0.579  -0.555 ]
desired pos:  [-1.2745  0.0399  1.4224] [ 3.9191  0.09   -0.0466] [ 4.0344  0.5296 -0.5145]
desired pos:  [-1.2721  0.0341  1.4275] [3.943  0.0314 0.0046] [ 4.0585  0.4606 -0.4921]
desired pos:  [-1.2708  0.0269  1.4351] [ 3.9561 -0.0401  0.0808] [ 4.071   0.3774 -0.4372]
desired pos:  [-1.2715  0.0223  1.4421] [ 3.9494 -0.0862  0.1509] [ 4.0633  0.3191 -0.3623]
desired pos:  [-1.2703  0.0162  1.4472] [ 3.9609 -0.147   0.2016] [ 4.0737  0.2446 -0.3162]
desired pos:  [-1.272   0.009   1.4548] [ 3.9441 -0.2193  0.2782] [ 4.0559  0.1572 -0.2598]
desired pos:  [-1.2746  0.003   1.4627] [ 3.9187 -0.2796  0.3566] [ 4.0299  0.0819 -0.195 ]
desired pos:  [-1.2754 -0.0039  1.4691] [ 3.9102 -0.3481  0.4203] [ 4.0214 -0.0016 -0.1514]
desired pos:  [-1.278  -0.0115  1.4763] [ 3.8848 -0.4249  0.4925] [ 3.9968 -0.093  -0.1001]
desired pos:  [-1.2786 -0.0165  1.4825] [ 3.8783 -0.474   0.5552] [ 3.9915 -0.1545 -0.0274]
desired pos:  [-1.2806 -0.0237  1.4861] [ 3.8586 -0.5464  0.5909] [ 3.9736 -0.2375  0.0425]
desired pos:  [-1.2818 -0.0294  1.4883] [ 3.8468 -0.6039  0.6131] [ 3.9643 -0.304   0.1064]
desired pos:  [-1.2825 -0.0376  1.4887] [ 3.8392 -0.6849  0.6169] [ 3.9598 -0.3928  0.1485]
desired pos:  [-1.2846 -0.0431  1.49  ] [ 3.8182 -0.7408  0.6296] [ 3.9427 -0.455   0.2025]
desired pos:  [-1.2878 -0.0495  1.4908] [ 3.7859 -0.8048  0.6375] [ 3.9147 -0.5237  0.2773]
desired pos:  [-1.2932 -0.0557  1.4886] [ 3.7321 -0.8659  0.6155] [ 3.8657 -0.5884  0.3328]
desired pos:  [-1.2996 -0.0618  1.4853] [ 3.6679 -0.9277  0.5829] [ 3.807  -0.6531  0.3678]
desired pos:  [-1.3075 -0.0682  1.4811] [ 3.5899 -0.9911  0.5413] [ 3.7356 -0.7192  0.3774]
desired pos:  [-1.3151 -0.0724  1.4775] [ 3.5135 -1.0329  0.5052] [ 3.6668 -0.7634  0.382 ]
desired pos:  [-1.3255 -0.0762  1.4734] [ 3.4091 -1.0716  0.4634] [ 3.5707 -0.8045  0.3784]
desired pos:  [-1.3348 -0.079   1.4693] [ 3.3167 -1.0998  0.4224] [ 3.4873 -0.8353  0.3704]
desired pos:  [-1.3451 -0.0809  1.4647] [ 3.2129 -1.1181  0.3768] [ 3.3933 -0.8565  0.3499]
desired pos:  [-1.3576 -0.0835  1.4598] [ 3.0889 -1.1442  0.3278] [ 3.2794 -0.8859  0.318 ]
desired pos:  [-1.3704 -0.0844  1.4559] [ 2.9606 -1.1533  0.2887] [ 3.1612 -0.8984  0.3042]
desired pos:  [-1.3822 -0.0871  1.4487] [ 2.8419 -1.1803  0.2172] [ 3.0529 -0.9291  0.2475]
desired pos:  [-1.3961 -0.0885  1.4446] [ 2.7029 -1.1947  0.1759] [ 2.9243 -0.9478  0.211 ]
desired pos:  [-1.4082 -0.0896  1.4391] [ 2.5825 -1.2053  0.1209] [ 2.8138 -0.9629  0.1675]
desired pos:  [-1.4181 -0.0902  1.4343] [ 2.4838 -1.2113  0.0727] [ 2.7247 -0.974   0.1222]
desired pos:  [-1.4285 -0.0894  1.4302] [ 2.3797 -1.2029  0.0315] [ 2.6298 -0.971   0.0846]
desired pos:  [-1.4343 -0.0896  1.4261] [ 2.3211 -1.2057 -0.009 ] [ 2.5797 -0.9798  0.0462]
desired pos:  [-1.4409 -0.0882  1.4227] [ 2.2559 -1.1917 -0.0436] [ 2.5224 -0.972   0.0094]
desired pos:  [-1.4446 -0.0873  1.4188] [ 2.2181 -1.1828 -0.082 ] [ 2.492  -0.9699 -0.038 ]
desired pos:  [-1.4483 -0.0868  1.4159] [ 2.1813 -1.1775 -0.1111] [ 2.462  -0.9716 -0.0826]
desired pos:  [-1.4534 -0.0859  1.4126] [ 2.1301 -1.1684 -0.1438] [ 2.4169 -0.9695 -0.1284]
desired pos:  [-1.4578 -0.085   1.4092] [ 2.0862 -1.1593 -0.1784] [ 2.3785 -0.9675 -0.1791]
desired pos:  [-1.4601 -0.0836  1.4062] [ 2.0638 -1.1449 -0.208 ] [ 2.3609 -0.9604 -0.2269]
desired pos:  [-1.4608 -0.0823  1.4029] [ 2.0568 -1.1321 -0.2415] [ 2.3581 -0.9548 -0.2812]
desired pos:  [-1.4628 -0.0805  1.4009] [ 2.0365 -1.1142 -0.2612] [ 2.3413 -0.944  -0.3128]
desired pos:  [-1.4637 -0.0779  1.3979] [ 2.0278 -1.0888 -0.2915] [ 2.3354 -0.9252 -0.3424]
desired pos:  [-1.4643 -0.0764  1.3952] [ 2.0211 -1.0737 -0.3181] [ 2.3309 -0.9167 -0.3684]
desired pos:  [-1.466  -0.0739  1.3924] [ 2.0043 -1.0487 -0.3466] [ 2.3158 -0.8981 -0.3993]
desired pos:  [-1.466  -0.0715  1.3907] [ 2.004  -1.0245 -0.3636] [ 2.3167 -0.8799 -0.4149]
desired pos:  [-1.4659 -0.0693  1.3881] [ 2.0054 -1.0027 -0.3891] [ 2.3188 -0.8639 -0.438 ]
desired pos:  [-1.4669 -0.0671  1.3855] [ 1.9949 -0.9807 -0.4152] [ 2.3086 -0.8474 -0.4759]
desired pos:  [-1.4688 -0.065   1.385 ] [ 1.9761 -0.9591 -0.4203] [ 2.2897 -0.831  -0.4886]
desired pos:  [-1.4703 -0.0641  1.3822] [ 1.9617 -0.9499 -0.4477] [ 2.2748 -0.8265 -0.5234]
desired pos:  [-1.4699 -0.0615  1.3812] [ 1.965  -0.9244 -0.4577] [ 2.2772 -0.8055 -0.5471]
desired pos:  [-1.4713 -0.059   1.3804] [ 1.9518 -0.8996 -0.4667] [ 2.2629 -0.7848 -0.5562]
desired pos:  [-1.4714 -0.0568  1.3781] [ 1.9502 -0.8773 -0.4888] [ 2.2599 -0.7663 -0.5807]
desired pos:  [-1.4702 -0.0547  1.377 ] [ 1.9627 -0.8562 -0.5   ] [ 2.2706 -0.749  -0.6022]
desired pos:  [-1.4699 -0.052   1.3761] [ 1.9654 -0.8289 -0.5089] [ 2.2713 -0.7251 -0.6167]
desired pos:  [-1.4671 -0.0508  1.374 ] [ 1.993  -0.8175 -0.5298] [ 2.2967 -0.717  -0.6508]
desired pos:  [-1.467  -0.0481  1.3738] [ 1.9943 -0.7907 -0.5317] [ 2.2955 -0.6933 -0.6676]
desired pos:  [-1.4661 -0.0449  1.3729] [ 2.0033 -0.7589 -0.5408] [ 2.3019 -0.6642 -0.6797]
desired pos:  [-1.4647 -0.0422  1.3718] [ 2.017  -0.731  -0.5526] [ 2.3129 -0.6387 -0.6951]
desired pos:  [-1.464  -0.0401  1.371 ] [ 2.0241 -0.7101 -0.5602] [ 2.317  -0.6199 -0.7092]
desired pos:  [-1.4636 -0.0375  1.3705] [ 2.0287 -0.6847 -0.5656] [ 2.3185 -0.5964 -0.7202]
desired pos:  [-1.4638 -0.0353  1.3701] [ 2.0261 -0.6627 -0.5692] [ 2.3127 -0.576  -0.7275]
desired pos:  [-1.4641 -0.0324  1.3693] [ 2.0238 -0.6336 -0.5774] [ 2.307  -0.5483 -0.7431]
desired pos:  [-1.4636 -0.0301  1.3689] [ 2.0282 -0.6103 -0.5816] [ 2.308  -0.5262 -0.7599]
desired pos:  [-1.4639 -0.0271  1.369 ] [ 2.0256 -0.5809 -0.5804] [ 2.3018 -0.4978 -0.7688]
desired pos:  [-1.4659 -0.0242  1.3694] [ 2.0053 -0.5516 -0.5766] [ 2.2779 -0.4695 -0.7681]
desired pos:  [-1.4665 -0.0212  1.3693] [ 1.9996 -0.5214 -0.5769] [ 2.2685 -0.4402 -0.7687]
desired pos:  [-1.4652 -0.0195  1.3687] [ 2.0126 -0.5044 -0.5834] [ 2.2777 -0.424  -0.7844]
desired pos:  [-1.4666 -0.018   1.3695] [ 1.9987 -0.4895 -0.5754] [ 2.2597 -0.4101 -0.7875]
desired pos:  [-1.4667 -0.0147  1.3696] [ 1.9977 -0.456  -0.5741] [ 2.2546 -0.3775 -0.7915]
desired pos:  [-1.4667 -0.0134  1.3697] [ 1.9975 -0.4429 -0.573 ] [ 2.2501 -0.3654 -0.7974]
desired pos:  [-1.4674 -0.0123  1.3701] [ 1.9908 -0.4328 -0.5689] [ 2.239  -0.3564 -0.8014]
desired pos:  [-1.4683 -0.0119  1.3709] [ 1.9818 -0.4287 -0.5608] [ 2.2255 -0.3534 -0.7953]
desired pos:  [-1.4701 -0.0112  1.3712] [ 1.963  -0.4217 -0.5581] [ 2.2022 -0.3476 -0.7911]
desired pos:  [-1.4713 -0.0111  1.3713] [ 1.9514 -0.4204 -0.5575] [ 2.1859 -0.3478 -0.7943]
desired pos:  [-1.4725 -0.0114  1.3717] [ 1.9397 -0.4232 -0.5535] [ 2.1693 -0.3522 -0.7972]
desired pos:  [-1.4725 -0.013   1.3716] [ 1.9392 -0.439  -0.5537] [ 2.1638 -0.3697 -0.806 ]
desired pos:  [-1.4739 -0.0126  1.3727] [ 1.9253 -0.4354 -0.5436] [ 2.145  -0.3681 -0.7976]
desired pos:  [-1.4787 -0.0122  1.3736] [ 1.8774 -0.4315 -0.5341] [ 2.0922 -0.3663 -0.776 ]
desired pos:  [-1.482  -0.0126  1.3731] [ 1.8443 -0.4353 -0.5395] [ 2.0542 -0.3726 -0.7762]
desired pos:  [-1.4873 -0.0119  1.3747] [ 1.7918 -0.428  -0.5236] [ 1.9967 -0.368  -0.7583]
desired pos:  [-1.4908 -0.0126  1.3737] [ 1.756  -0.4356 -0.5332] [ 1.9558 -0.3787 -0.7747]
desired pos:  [-1.4955 -0.0128  1.3754] [ 1.7098 -0.4376 -0.5164] [ 1.9042 -0.3843 -0.7693]
desired pos:  [-1.5006 -0.014   1.3753] [ 1.6588 -0.4494 -0.5172] [ 1.8479 -0.4002 -0.7737]
desired pos:  [-1.5056 -0.0144  1.3762] [ 1.6082 -0.4532 -0.5081] [ 1.7918 -0.4083 -0.7658]
press 3 button to land
[-1.4919 -0.0124  1.3508]
[-1.1269 -0.133   0.759 ]
