Hello world
============================================================================================
Device set to : NVIDIA GeForce RTX 3080
============================================================================================
Warning: No joystick found!
crazyflie id: 1
100000000.0 8
loading model :  deq-mpc_quadrotor_obstacles_lagr_static_obstseed0_T5_bsz200_deq_iter6_hdim1024_valfrac1.0_iftlagrangian
press 1 button to takeoff
crazyflie position: [-1.2838 -0.4161  0.7441]
crazyflie position: [-1.2838 -0.416   0.7441]
crazyflie position: [-1.2838 -0.416   0.7441]
crazyflie position: [-1.2838 -0.416   0.744 ]
crazyflie position: [-1.2838 -0.416   0.7441]
crazyflie position: [-1.2839 -0.416   0.7441]
crazyflie position: [-1.284  -0.4161  0.7441]
crazyflie position: [-1.2838 -0.4161  0.744 ]
1press 2 button to run DEQ-MPC scenerio
2desired pos:  [-1.3047 -0.4209  0.9663] [ 4.2704 -4.3026 -4.5899] [ 4.2709 -4.3033 -4.621 ]
desired pos:  [-1.3065 -0.4207  0.9768] [ 4.253  -4.3014 -4.4851] [ 4.2596 -4.3093 -4.5655]
desired pos:  [-1.3096 -0.4188  0.9803] [ 4.2215 -4.2816 -4.4503] [ 4.2439 -4.3075 -4.5849]
desired pos:  [-1.3141 -0.4151  0.9768] [ 4.1773 -4.2454 -4.4855] [ 4.2238 -4.2963 -4.6852]
desired pos:  [-1.3206 -0.411   0.9737] [ 4.1124 -4.2042 -4.5163] [ 4.1886 -4.2825 -4.7651]
desired pos:  [-1.3272 -0.4074  0.9771] [ 4.0459 -4.1682 -4.4826] [ 4.1559 -4.274  -4.7714]
desired pos:  [-1.3352 -0.4036  0.9802] [ 3.9663 -4.1305 -4.451 ] [ 4.112  -4.2618 -4.7694]
desired pos:  [-1.3434 -0.4001  0.9813] [ 3.8839 -4.0951 -4.4403] [ 4.0653 -4.2492 -4.7808]
desired pos:  [-1.353  -0.3963  0.9827] [ 3.7882 -4.0569 -4.4264] [ 4.0047 -4.2317 -4.792 ]
desired pos:  [-1.3607 -0.3923  0.9865] [ 3.7113 -4.017  -4.3881] [ 3.9613 -4.2104 -4.7851]
desired pos:  [-1.3689 -0.3891  0.9918] [ 3.629  -3.9846 -4.3355] [ 3.9099 -4.1944 -4.7674]
desired pos:  [-1.3765 -0.3845  0.998 ] [ 3.5533 -3.9386 -4.2731] [ 3.8619 -4.163  -4.7458]
desired pos:  [-1.384  -0.3803  1.004 ] [ 3.4782 -3.8968 -4.213 ] [ 3.8115 -4.1344 -4.7421]
desired pos:  [-1.3915 -0.375   1.013 ] [ 3.403  -3.8437 -4.123 ] [ 3.7569 -4.0929 -4.7157]
desired pos:  [-1.3984 -0.3691  1.0224] [ 3.3336 -3.7853 -4.0293] [ 3.7031 -4.0446 -4.6844]
desired pos:  [-1.4051 -0.3632  1.033 ] [ 3.2665 -3.7263 -3.9237] [ 3.6468 -3.9941 -4.6407]
desired pos:  [-1.4111 -0.3562  1.0446] [ 3.2073 -3.6564 -3.8069] [ 3.5934 -3.9313 -4.584 ]
desired pos:  [-1.4165 -0.3488  1.0572] [ 3.1526 -3.5821 -3.6817] [ 3.5395 -3.8627 -4.5178]
desired pos:  [-1.4215 -0.3408  1.0703] [ 3.1033 -3.5017 -3.5502] [ 3.4864 -3.7868 -4.4372]
desired pos:  [-1.4259 -0.333   1.0834] [ 3.0585 -3.4237 -3.4191] [ 3.4338 -3.7122 -4.3435]
desired pos:  [-1.4312 -0.3253  1.0964] [ 3.0062 -3.3468 -3.2888] [ 3.3705 -3.638  -4.2349]
desired pos:  [-1.4354 -0.3176  1.1085] [ 2.9639 -3.2698 -3.168 ] [ 3.3152 -3.5629 -4.1199]
desired pos:  [-1.4415 -0.3092  1.1219] [ 2.9032 -3.1856 -3.0339] [ 3.2409 -3.4802 -3.9702]
desired pos:  [-1.4471 -0.3031  1.1321] [ 2.8468 -3.1246 -2.9324] [ 3.1711 -3.4197 -3.8372]
desired pos:  [-1.4527 -0.2976  1.1411] [ 2.791  -3.0705 -2.8423] [ 3.1029 -3.3655 -3.7019]
desired pos:  [-1.4661 -0.2862  1.1823] [ 2.6574 -2.9563 -2.4307] [ 2.9416 -3.2452 -3.4003]
desired pos:  [-1.4717 -0.2832  1.1979] [ 2.6013 -2.9258 -2.2738] [ 2.8765 -3.2096 -3.2849]
desired pos:  [-1.4711 -0.2864  1.1972] [ 2.607  -2.9577 -2.2811] [ 2.8777 -3.2348 -3.3107]
desired pos:  [-1.464  -0.2936  1.2004] [ 2.6777 -3.0305 -2.2491] [ 2.9476 -3.2991 -3.2668]
desired pos:  [-1.4584 -0.2984  1.2083] [ 2.7344 -3.0779 -2.1708] [ 3.0068 -3.3388 -3.1061]
desired pos:  [-1.458  -0.2994  1.2288] [ 2.7377 -3.0884 -1.965 ] [ 3.0154 -3.3415 -2.7979]
desired pos:  [-1.4639 -0.2951  1.2379] [ 2.6793 -3.0454 -1.8744] [ 2.965  -3.2905 -2.6039]
desired pos:  [-1.4713 -0.29    1.236 ] [ 2.6049 -2.994  -1.8937] [ 2.9012 -3.2306 -2.5289]
desired pos:  [-1.4839 -0.2811  1.2384] [ 2.4792 -2.905  -1.8691] [ 2.7878 -3.1336 -2.4075]
desired pos:  [-1.4951 -0.2722  1.2425] [ 2.3666 -2.8161 -1.8288] [ 2.6875 -3.0375 -2.2576]
desired pos:  [-1.5029 -0.2658  1.2401] [ 2.2891 -2.7517 -1.8518] [ 2.6229 -2.9664 -2.1788]
desired pos:  [-1.5099 -0.2603  1.2376] [ 2.219  -2.6971 -1.877 ] [ 2.5665 -2.9053 -2.1286]
desired pos:  [-1.5164 -0.254   1.2363] [ 2.1535 -2.6345 -1.8904] [ 2.5149 -2.8367 -2.0944]
desired pos:  [-1.5222 -0.2466  1.2358] [ 2.0955 -2.5598 -1.895 ] [ 2.4698 -2.7568 -2.0663]
desired pos:  [-1.5294 -0.239   1.2352] [ 2.0238 -2.4836 -1.9008] [ 2.4096 -2.6764 -2.0506]
desired pos:  [-1.5361 -0.231   1.2344] [ 1.9567 -2.4044 -1.9093] [ 2.3523 -2.5941 -2.0535]
desired pos:  [-1.5427 -0.2234  1.2343] [ 1.8904 -2.3276 -1.9098] [ 2.294  -2.515  -2.0606]
desired pos:  [-1.5492 -0.2147  1.2345] [ 1.8255 -2.2405 -1.908 ] [ 2.2347 -2.4265 -2.0692]
desired pos:  [-1.5553 -0.2068  1.235 ] [ 1.7645 -2.162  -1.9034] [ 2.1774 -2.3471 -2.0749]
desired pos:  [-1.5604 -0.1978  1.2354] [ 1.7141 -2.0719 -1.899 ] [ 2.1284 -2.2565 -2.0773]
desired pos:  [-1.5663 -0.1896  1.2357] [ 1.6552 -1.9904 -1.8963] [ 2.0692 -2.1747 -2.0789]
desired pos:  [-1.5713 -0.1812  1.2359] [ 1.6047 -1.9059 -1.8938] [ 2.0168 -2.0901 -2.0812]
desired pos:  [-1.5774 -0.1719  1.2363] [ 1.5441 -1.8135 -1.8899] [ 1.9527 -1.9976 -2.0846]
desired pos:  [-1.5829 -0.1633  1.237 ] [ 1.4888 -1.7273 -1.8829] [ 1.8926 -1.911  -2.0853]
desired pos:  [-1.5887 -0.1545  1.2378] [ 1.4313 -1.6394 -1.8757] [ 1.829  -1.8227 -2.086 ]
desired pos:  [-1.5941 -0.1453  1.2388] [ 1.3765 -1.5471 -1.8658] [ 1.767  -1.7297 -2.0844]
desired pos:  [-1.5993 -0.137   1.2394] [ 1.3249 -1.4637 -1.8592] [ 1.707  -1.6454 -2.0881]
desired pos:  [-1.6042 -0.1273  1.241 ] [ 1.2757 -1.3669 -1.8432] [ 1.6485 -1.5474 -2.078 ]
desired pos:  [-1.6076 -0.118   1.2412] [ 1.2415 -1.2741 -1.8415] [ 1.6043 -1.4534 -2.0786]
desired pos:  [-1.6121 -0.1082  1.2423] [ 1.1968 -1.1763 -1.8307] [ 1.5486 -1.3541 -2.0695]
desired pos:  [-1.6162 -0.0982  1.2429] [ 1.1563 -1.0762 -1.8239] [ 1.4965 -1.2526 -2.0571]
desired pos:  [-1.6191 -0.089   1.2431] [ 1.1269 -0.9843 -1.8222] [ 1.455  -1.1593 -2.0468]
desired pos:  [-1.621 -0.08   1.243] [ 1.1079 -0.8943 -1.8234] [ 1.4231 -1.0678 -2.0393]
desired pos:  [-1.6228 -0.0708  1.2427] [ 1.0902 -0.8024 -1.8268] [ 1.3919 -0.9745 -2.0355]
desired pos:  [-1.6248 -0.0618  1.2426] [ 1.0701 -0.7123 -1.8272] [ 1.3576 -0.8829 -2.0299]
desired pos:  [-1.6261 -0.0523  1.2425] [ 1.0573 -0.6173 -1.8287] [ 1.3303 -0.7864 -2.025 ]
desired pos:  [-1.6264 -0.0437  1.2417] [ 1.054  -0.5308 -1.8365] [ 1.312  -0.6982 -2.0316]
desired pos:  [-1.6271 -0.0343  1.2423] [ 1.0466 -0.4371 -1.8305] [ 1.2891 -0.6027 -2.027 ]
desired pos:  [-1.6271 -0.0254  1.2424] [ 1.0467 -0.3483 -1.8297] [ 1.2734 -0.5118 -2.0314]
desired pos:  [-1.6272 -0.0161  1.2442] [ 1.0455 -0.2546 -1.8113] [ 1.256  -0.4156 -2.0247]
desired pos:  [-1.627  -0.0074  1.2462] [ 1.0478 -0.1679 -1.7913] [ 1.2418 -0.326  -2.0198]
desired pos:  [-1.6261  0.0138  1.2413] [ 1.0564  0.0438 -1.8405] [ 1.2233 -0.1083 -2.0169]
desired pos:  [-1.6236  0.022   1.2447] [ 1.0821  0.1255 -1.8065] [ 1.2359 -0.0225 -2.0078]
desired pos:  [-1.619   0.0188  1.2448] [ 1.1277  0.0944 -1.8051] [ 1.2707 -0.0483 -2.0132]
desired pos:  [-1.6142  0.0122  1.2497] [ 1.1756  0.0283 -1.7568] [ 1.307  -0.1072 -2.0126]
desired pos:  [-1.6075  0.005   1.2528] [ 1.2426 -0.0438 -1.7248] [ 1.3628 -0.1714 -2.0218]
desired pos:  [-1.6033  0.0032  1.2563] [ 1.2846 -0.0619 -1.6907] [ 1.3941 -0.1813 -2.0158]
desired pos:  [-1.601   0.0057  1.2596] [ 1.3083 -0.0374 -1.6576] [ 1.4075 -0.1487 -1.9973]
desired pos:  [-1.6002  0.0121  1.2627] [ 1.3161  0.0273 -1.6265] [ 1.4051 -0.0761 -1.9786]
desired pos:  [-1.5977  0.0186  1.2654] [ 1.3409  0.0915 -1.5996] [ 1.4196 -0.0038 -1.9698]
desired pos:  [-1.5952  0.0284  1.2696] [ 1.3657  0.19   -1.557 ] [ 1.4342  0.1027 -1.9389]
desired pos:  [-1.5912  0.0367  1.2729] [ 1.4057  0.2725 -1.5242] [ 1.4643  0.1928 -1.9035]
desired pos:  [-1.5869  0.0434  1.2764] [ 1.4486  0.3402 -1.4892] [ 1.4977  0.2683 -1.8556]
desired pos:  [-1.5817  0.0487  1.2787] [ 1.5011  0.3933 -1.4666] [ 1.5404  0.3296 -1.8267]
desired pos:  [-1.5758  0.0516  1.2813] [ 1.5595  0.4223 -1.4399] [ 1.5886  0.3675 -1.8074]
desired pos:  [-1.5705  0.0548  1.2851] [ 1.6132  0.4539 -1.4018] [ 1.6326  0.4086 -1.7707]
desired pos:  [-1.5639  0.0568  1.2881] [ 1.6793  0.474  -1.3718] [ 1.6896  0.4385 -1.7299]
desired pos:  [-1.5584  0.06    1.2907] [ 1.7334  0.5056 -1.3463] [ 1.735   0.4808 -1.697 ]
desired pos:  [-1.5537  0.0626  1.2941] [ 1.7808  0.5319 -1.3121] [ 1.7742  0.5186 -1.6597]
desired pos:  [-1.5492  0.0646  1.2969] [ 1.8258  0.5517 -1.2844] [ 1.8117  0.5507 -1.6278]
desired pos:  [-1.5451  0.0668  1.2999] [ 1.8674  0.5735 -1.2548] [ 1.8465  0.5855 -1.5955]
desired pos:  [-1.5394  0.0678  1.3023] [ 1.9241  0.5836 -1.23  ] [ 1.8974  0.6089 -1.566 ]
desired pos:  [-1.536   0.0698  1.3053] [ 1.9574  0.604  -1.2003] [ 1.9256  0.6431 -1.5259]
desired pos:  [-1.5299  0.0702  1.3073] [ 2.0187  0.608  -1.1806] [ 1.9826  0.6609 -1.4922]
desired pos:  [-1.5246  0.0722  1.3089] [ 2.0717  0.6275 -1.1639] [ 2.0318  0.6947 -1.4708]
desired pos:  [-1.5201  0.0702  1.3108] [ 2.1164  0.608  -1.145 ] [ 2.0733  0.6898 -1.453 ]
desired pos:  [-1.5149  0.0714  1.3144] [ 2.1689  0.6197 -1.1092] [ 2.1232  0.7154 -1.4011]
desired pos:  [-1.5087  0.0703  1.3148] [ 2.2309  0.6088 -1.1054] [ 2.1831  0.7184 -1.3844]
desired pos:  [-1.5048  0.0666  1.3164] [ 2.2699  0.5719 -1.0888] [ 2.2206  0.6958 -1.3707]
desired pos:  [-1.5024  0.0642  1.3177] [ 2.2941  0.5481 -1.0759] [ 2.2439  0.6861 -1.3612]
desired pos:  [-1.5003  0.0635  1.321 ] [ 2.3153  0.5411 -1.0432] [ 2.2648  0.6924 -1.3178]
desired pos:  [-1.4998  0.0608  1.3219] [ 2.3199  0.5139 -1.0342] [ 2.2699  0.6776 -1.2866]
desired pos:  [-1.4997  0.0583  1.3226] [ 2.3206  0.4891 -1.0271] [ 2.2716  0.6652 -1.2688]
desired pos:  [-1.5007  0.0538  1.323 ] [ 2.3108  0.4439 -1.0232] [ 2.2635  0.6321 -1.2643]
desired pos:  [-1.5027  0.0499  1.3235] [ 2.2909  0.4046 -1.0185] [ 2.2461  0.6043 -1.2616]
desired pos:  [-1.5046  0.047   1.3247] [ 2.272   0.3756 -1.0062] [ 2.2301  0.5857 -1.2423]
desired pos:  [-1.507   0.0466  1.3255] [ 2.2475  0.3724 -0.9983] [ 2.209   0.5919 -1.2227]
desired pos:  [-1.5107  0.0434  1.3273] [ 2.2114  0.3395 -0.9804] [ 2.1767  0.5672 -1.1875]
desired pos:  [-1.5118  0.0399  1.3269] [ 2.2001  0.3045 -0.9843] [ 2.1698  0.5398 -1.1841]
desired pos:  [-1.5127  0.0352  1.3285] [ 2.1909  0.2584 -0.9685] [ 2.1654  0.5003 -1.1781]
desired pos:  [-1.5124  0.0308  1.3296] [ 2.1939  0.2143 -0.9572] [ 2.1736  0.4617 -1.1803]
desired pos:  [-1.5128  0.0263  1.3323] [ 2.19    0.169  -0.9302] [ 2.1748  0.4205 -1.1629]
desired pos:  [-1.5122  0.0223  1.3338] [ 2.196   0.1294 -0.9157] [ 2.186   0.3837 -1.1593]
desired pos:  [-1.5108  0.0195  1.3367] [ 2.2097  0.1006 -0.8862] [ 2.2048  0.3564 -1.1502]
desired pos:  [-1.5089  0.0162  1.3396] [ 2.2293  0.0684 -0.8574] [ 2.2294  0.3243 -1.1443]
desired pos:  [-1.5075  0.0135  1.3436] [ 2.243   0.0414 -0.8172] [ 2.2479  0.296  -1.1249]
desired pos:  [-1.5055  0.0097  1.3475] [ 2.2628  0.0031 -0.7778] [ 2.2721  0.2551 -1.1002]
desired pos:  [-1.5007  0.0043  1.3516] [ 2.311  -0.0511 -0.7373] [ 2.3245  0.1972 -1.0791]
desired pos:  [-1.497   0.0009  1.3564] [ 2.3478 -0.0848 -0.689 ] [ 2.3651  0.1587 -1.0512]
desired pos:  [-1.4933 -0.0044  1.3614] [ 2.3849 -0.138  -0.6389] [ 2.4057  0.0997 -1.0147]
desired pos:  [-1.4896 -0.0094  1.3666] [ 2.4214 -0.188  -0.5874] [ 2.4453  0.0434 -0.9715]
desired pos:  [-1.4861 -0.0125  1.371 ] [ 2.4571 -0.2194 -0.543 ] [ 2.4839  0.0048 -0.9389]
desired pos:  [-1.4826 -0.017   1.3762] [ 2.4916 -0.2642 -0.491 ] [ 2.521  -0.0478 -0.9023]
desired pos:  [-1.4792 -0.0209  1.3814] [ 2.5254 -0.3033 -0.4394] [ 2.5572 -0.095  -0.859 ]
desired pos:  [-1.4765 -0.0272  1.3858] [ 2.5527 -0.3656 -0.3954] [ 2.5866 -0.1657 -0.8235]
desired pos:  [-1.4729 -0.0292  1.3914] [ 2.5889 -0.3862 -0.339 ] [ 2.6247 -0.1944 -0.7617]
desired pos:  [-1.4705 -0.0336  1.3952] [ 2.613  -0.4305 -0.3013] [ 2.6505 -0.2464 -0.7071]
desired pos:  [-1.4684 -0.0358  1.3994] [ 2.6336 -0.4517 -0.2594] [ 2.6728 -0.2753 -0.6537]
desired pos:  [-1.4667 -0.0389  1.4029] [ 2.651  -0.4832 -0.2246] [ 2.6922 -0.314  -0.6101]
desired pos:  [-1.4651 -0.0416  1.4067] [ 2.6668 -0.5104 -0.1859] [ 2.7101 -0.3481 -0.5622]
desired pos:  [-1.4632 -0.0426  1.4099] [ 2.6859 -0.52   -0.1545] [ 2.7316 -0.3639 -0.5154]
desired pos:  [-1.4611 -0.0464  1.4133] [ 2.7065 -0.558  -0.1198] [ 2.755  -0.4074 -0.4584]
desired pos:  [-1.46   -0.048   1.4156] [ 2.7177 -0.574  -0.097 ] [ 2.7695 -0.4286 -0.4123]
desired pos:  [-1.4562 -0.0504  1.4174] [ 2.7561 -0.5981 -0.0793] [ 2.8118 -0.4576 -0.386 ]
desired pos:  [-1.4563 -0.053   1.4207] [ 2.7545 -0.6236 -0.0462] [ 2.8147 -0.4877 -0.345 ]
desired pos:  [-1.4535 -0.0558  1.4224] [ 2.7832 -0.6522 -0.0291] [ 2.8484 -0.5205 -0.3182]
desired pos:  [-1.4531 -0.057   1.4247] [ 2.7874 -0.664  -0.0063] [ 2.8582 -0.5363 -0.2928]
desired pos:  [-1.451  -0.0566  1.4265] [ 2.8079 -0.6599  0.0116] [ 2.8847 -0.5361 -0.2743]
desired pos:  [-1.4509 -0.0577  1.4296] [ 2.8093 -0.6706  0.0427] [ 2.8925 -0.5504 -0.2341]
desired pos:  [-1.4477 -0.0587  1.43  ] [ 2.8414 -0.6811  0.0467] [ 2.9313 -0.5645 -0.2284]
desired pos:  [-1.4466 -0.0595  1.4325] [ 2.8517 -0.6888  0.0718] [ 2.9488 -0.5758 -0.2124]
desired pos:  [-1.4448 -0.0585  1.4341] [ 2.8698 -0.6787  0.0872] [ 2.9741 -0.5691 -0.1953]
desired pos:  [-1.4438 -0.0598  1.4357] [ 2.8795 -0.6925  0.1036] [ 2.9908 -0.5861 -0.1702]
desired pos:  [-1.443  -0.0613  1.4374] [ 2.888  -0.7067  0.1206] [ 3.0061 -0.6032 -0.1321]
desired pos:  [-1.4419 -0.0625  1.4374] [ 2.8988 -0.7188  0.1205] [ 3.024  -0.6181 -0.1149]
desired pos:  [-1.4407 -0.0654  1.4385] [ 2.9113 -0.7477  0.1321] [ 3.0437 -0.6495 -0.0946]
desired pos:  [-1.4431 -0.0649  1.4386] [ 2.8872 -0.7432  0.1326] [ 3.0267 -0.6473 -0.0832]
desired pos:  [-1.4432 -0.0669  1.439 ] [ 2.8863 -0.7628  0.1366] [ 3.033  -0.6689 -0.0668]
desired pos:  [-1.4419 -0.0689  1.4384] [ 2.8985 -0.7828  0.1309] [ 3.0526 -0.6905 -0.0657]
desired pos:  [-1.4393 -0.07    1.4388] [ 2.9247 -0.7937  0.1352] [ 3.0862 -0.7027 -0.0581]
desired pos:  [-1.4375 -0.0727  1.4386] [ 2.9429 -0.821   0.1326] [ 3.1118 -0.7309 -0.0534]
desired pos:  [-1.4349 -0.0757  1.4384] [ 2.9688 -0.8514  0.1303] [ 3.1449 -0.7619 -0.0464]
desired pos:  [-1.4318 -0.0779  1.4376] [ 3.0003 -0.8732  0.1232] [ 3.1837 -0.7838 -0.0435]
desired pos:  [-1.4281 -0.0824  1.437 ] [ 3.0366 -0.9176  0.1162] [ 3.2273 -0.8278 -0.0404]
desired pos:  [-1.4252 -0.0864  1.4358] [ 3.0655 -0.9576  0.1047] [ 3.2635 -0.8671 -0.0385]
desired pos:  [-1.4214 -0.0915  1.4341] [ 3.1042 -1.0089  0.0879] [ 3.3096 -0.9169 -0.0399]
desired pos:  [-1.4194 -0.0962  1.4324] [ 3.1239 -1.0564  0.0707] [ 3.3369 -0.9625 -0.0372]
desired pos:  [-1.4154 -0.1027  1.4293] [ 3.164  -1.1213  0.0394] [ 3.3849 -1.0248 -0.0517]
desired pos:  [-1.4137 -0.1067  1.427 ] [ 3.1808 -1.1606  0.0171] [ 3.4103 -1.0608 -0.0607]
desired pos:  [-1.4114 -0.1111  1.4242] [ 3.204  -1.205  -0.0113] [ 3.4424 -1.1012 -0.0714]
desired pos:  [-1.4107 -0.1146  1.4215] [ 3.2108 -1.24   -0.0379] [ 3.4584 -1.1317 -0.0758]
desired pos:  [-1.4093 -0.1181  1.4179] [ 3.2248 -1.2746 -0.0739] [ 3.4821 -1.1613 -0.0899]
desired pos:  [-1.406  -0.1214  1.4141] [ 3.2575 -1.3076 -0.1125] [ 3.5253 -1.1887 -0.1197]
desired pos:  [-1.4048 -0.1252  1.4113] [ 3.2699 -1.3458 -0.1407] [ 3.5485 -1.2209 -0.138 ]
desired pos:  [-1.4036 -0.1288  1.4064] [ 3.2814 -1.3825 -0.1894] [ 3.5712 -1.2514 -0.1751]
desired pos:  [-1.4022 -0.1307  1.4023] [ 3.2957 -1.4012 -0.2305] [ 3.597  -1.2636 -0.2104]
desired pos:  [-1.4047 -0.1331  1.398 ] [ 3.2711 -1.4252 -0.2735] [ 3.5835 -1.2813 -0.2365]
desired pos:  [-1.4058 -0.1361  1.3922] [ 3.2594 -1.4555 -0.3314] [ 3.5829 -1.3055 -0.2732]
desired pos:  [-1.4066 -0.139   1.3864] [ 3.2521 -1.484  -0.3888] [ 3.5866 -1.3279 -0.3183]
desired pos:  [-1.4106 -0.1399  1.381 ] [ 3.212  -1.493  -0.4428] [ 3.5574 -1.3311 -0.3603]
desired pos:  [-1.4113 -0.1423  1.3757] [ 3.2051 -1.5167 -0.4962] [ 3.561  -1.3494 -0.3993]
desired pos:  [-1.4133 -0.1431  1.3699] [ 3.1853 -1.5246 -0.554 ] [ 3.5514 -1.3521 -0.4493]
desired pos:  [-1.4161 -0.1435  1.3654] [ 3.1565 -1.529  -0.599 ] [ 3.5323 -1.3517 -0.4856]
desired pos:  [-1.4172 -0.1458  1.3597] [ 3.1456 -1.5518 -0.6568] [ 3.5307 -1.3699 -0.5396]
desired pos:  [-1.4217 -0.1476  1.3556] [ 3.1007 -1.5701 -0.6977] [ 3.4948 -1.384  -0.5796]
desired pos:  [-1.4242 -0.1493  1.3511] [ 3.0764 -1.5874 -0.7418] [ 3.4785 -1.3971 -0.617 ]
desired pos:  [-1.4284 -0.1525  1.3469] [ 3.034  -1.6186 -0.7846] [ 3.4438 -1.4243 -0.6576]
desired pos:  [-1.4321 -0.1549  1.3419] [ 2.9969 -1.643  -0.8347] [ 3.4142 -1.4449 -0.7206]
desired pos:  [-1.4384 -0.1558  1.3394] [ 2.9337 -1.6516 -0.8589] [ 3.3579 -1.4498 -0.7566]
desired pos:  [-1.4425 -0.1579  1.335 ] [ 2.8926 -1.6729 -0.9029] [ 3.323  -1.4677 -0.8063]
desired pos:  [-1.4488 -0.1579  1.3321] [ 2.8303 -1.6735 -0.9322] [ 3.2663 -1.4653 -0.8467]
desired pos:  [-1.4542 -0.1593  1.3288] [ 2.7757 -1.6867 -0.9652] [ 3.2168 -1.4758 -0.8889]
desired pos:  [-1.4598 -0.161   1.3263] [ 2.7199 -1.7043 -0.9901] [ 3.1655 -1.4911 -0.9214]
desired pos:  [-1.4664 -0.161   1.3239] [ 2.6536 -1.7044 -1.0141] [ 3.1031 -1.4893 -0.9488]
desired pos:  [-1.4711 -0.162   1.3214] [ 2.6067 -1.714  -1.0395] [ 3.0596 -1.4973 -0.9838]
desired pos:  [-1.4776 -0.1626  1.3202] [ 2.5422 -1.7196 -1.0509] [ 2.998  -1.5019 -1.0046]
desired pos:  [-1.4841 -0.1631  1.3182] [ 2.4768 -1.7255 -1.0709] [ 2.9349 -1.5071 -1.0342]
desired pos:  [-1.4883 -0.1652  1.3169] [ 2.4352 -1.7465 -1.0847] [ 2.8951 -1.5278 -1.0687]
desired pos:  [-1.4946 -0.1643  1.3163] [ 2.3715 -1.7366 -1.0901] [ 2.8327 -1.5181 -1.0954]
desired pos:  [-1.501  -0.165   1.3159] [ 2.3079 -1.7442 -1.0945] [ 2.7699 -1.5263 -1.1162]
desired pos:  [-1.5067 -0.1657  1.3155] [ 2.2509 -1.7506 -1.0981] [ 2.7131 -1.5337 -1.1353]
desired pos:  [-1.5129 -0.166   1.3154] [ 2.1891 -1.7539 -1.0996] [ 2.6509 -1.5386 -1.1529]
desired pos:  [-1.5181 -0.1659  1.3152] [ 2.1371 -1.7532 -1.101 ] [ 2.598  -1.5399 -1.1728]
desired pos:  [-1.5224 -0.1652  1.3154] [ 2.0936 -1.7458 -1.0995] [ 2.5529 -1.535  -1.1926]
desired pos:  [-1.5273 -0.1651  1.3162] [ 2.0451 -1.7446 -1.0917] [ 2.5023 -1.5367 -1.2016]
desired pos:  [-1.5313 -0.1646  1.3167] [ 2.0047 -1.7401 -1.0863] [ 2.4593 -1.5355 -1.2068]
desired pos:  [-1.5372 -0.1636  1.3181] [ 1.9464 -1.7303 -1.0726] [ 2.3981 -1.5292 -1.1943]
desired pos:  [-1.5409 -0.1627  1.3181] [ 1.909  -1.7211 -1.0722] [ 2.3573 -1.5238 -1.1943]
desired pos:  [-1.5464 -0.1619  1.3195] [ 1.8538 -1.7133 -1.0582] [ 2.2984 -1.5201 -1.1831]
desired pos:  [-1.5495 -0.1614  1.3193] [ 1.8226 -1.7076 -1.0598] [ 2.263  -1.5189 -1.1938]
desired pos:  [-1.5555 -0.1598  1.3211] [ 1.7627 -1.6918 -1.0426] [ 2.1986 -1.5078 -1.1881]
desired pos:  [-1.5608 -0.1593  1.3215] [ 1.7098 -1.6866 -1.0387] [ 2.141  -1.5077 -1.1917]
desired pos:  [-1.5656 -0.1587  1.3221] [ 1.6616 -1.6814 -1.0324] [ 2.0877 -1.5079 -1.1972]
press 3 button to land
[-1.5291 -0.1411  1.3053]
[-1.4327 -0.196   0.8041]
