Hello world
============================================================================================
Device set to : NVIDIA GeForce RTX 3080
============================================================================================
Warning: No joystick found!
crazyflie id: 1
100000000.0 8
loading model :  deq-mpc_FlyingCartpole_obstacles_lr1e3_ineqfix_innerdeqinpGN_andersongoodgradlast_phontom3ReLU_03sdata_qpsolve_gradclip2_noemb_Q10-10-80-1-1R1e8_ub03obsr04_again_T5_bsz200_deq_iter6_hdim1024_valfrac1.0
press 1 button to takeoff
crazyflie position: [-2.1381 -0.9266  0.7517]
crazyflie position: [-2.1381 -0.9266  0.7517]
crazyflie position: [-2.138  -0.9266  0.7517]
crazyflie position: [-2.138  -0.9266  0.7517]
crazyflie position: [-2.1381 -0.9266  0.7517]
crazyflie position: [-2.1381 -0.9266  0.7517]
crazyflie position: [-2.1381 -0.9266  0.7517]
crazyflie position: [-2.1381 -0.9266  0.7517]
crazyflie position: [-2.1381 -0.9266  0.7517]
crazyflie position: [-2.1381 -0.9266  0.7517]
crazyflie position: [-2.1381 -0.9266  0.7517]
crazyflie position: [-2.1381 -0.9266  0.7517]
crazyflie position: [-2.1381 -0.9266  0.7517]
crazyflie position: [-2.1381 -0.9266  0.7517]
crazyflie position: [-2.1381 -0.9266  0.7517]
crazyflie position: [-2.1381 -0.9266  0.7517]
1press 2 button to run DEQ-MPC scenerio
2desired pos:  [-2.189  -0.9027  0.9807] [-4.0908 -1.382  -3.7044] [-4.0909 -1.382  -3.7326]
desired pos:  [-2.1822 -0.9081  0.9878] [-4.0231 -1.436  -3.6337] [-4.025  -1.436  -3.7192]
desired pos:  [-2.1804 -0.9084  0.9927] [-4.0055 -1.4389 -3.5848] [-4.0128 -1.4392 -3.7286]
desired pos:  [-2.1797 -0.908   0.9956] [-3.9982 -1.4353 -3.5558] [-4.0157 -1.4366 -3.757 ]
desired pos:  [-2.1802 -0.9071  0.9969] [-4.0031 -1.4258 -3.5424] [-4.0358 -1.4292 -3.7996]
desired pos:  [-2.1813 -0.9048  1.0004] [-4.0146 -1.4034 -3.5082] [-4.0684 -1.4102 -3.8204]
desired pos:  [-2.186  -0.9002  1.0078] [-4.0613 -1.3577 -3.4337] [-4.1428 -1.3695 -3.8   ]
desired pos:  [-2.1888 -0.8967  1.0159] [-4.0889 -1.3218 -3.3529] [-4.2059 -1.3403 -3.7714]
desired pos:  [-2.189  -0.8938  1.0222] [-4.0917 -1.2932 -3.29  ] [-4.2539 -1.3201 -3.7574]
desired pos:  [-2.1883 -0.8903  1.0292] [-4.0841 -1.2581 -3.2201] [-4.3046 -1.2954 -3.7311]
desired pos:  [-2.184  -0.8874  1.0371] [-4.0413 -1.229  -3.1405] [-4.3361 -1.2787 -3.6869]
desired pos:  [-2.1774 -0.8844  1.0451] [-3.9749 -1.1997 -3.0604] [-4.3605 -1.2645 -3.6302]
desired pos:  [-2.1691 -0.8803  1.0549] [-3.8922 -1.1586 -2.9624] [-4.3824 -1.2415 -3.5415]
desired pos:  [-2.1586 -0.8757  1.0634] [-3.7877 -1.112  -2.8775] [-4.3903 -1.2161 -3.452 ]
desired pos:  [-2.1465 -0.8696  1.0719] [-3.6665 -1.0516 -2.7931] [-4.3848 -1.1797 -3.3563]
desired pos:  [-2.1326 -0.8633  1.0806] [-3.5276 -0.9879 -2.7053] [-4.3601 -1.1422 -3.2599]
desired pos:  [-2.1178 -0.8564  1.0901] [-3.3793 -0.9196 -2.6109] [-4.3161 -1.1004 -3.1652]
desired pos:  [-2.1042 -0.8501  1.0982] [-3.2431 -0.856  -2.5294] [-4.2657 -1.061  -3.0938]
desired pos:  [-2.0891 -0.8431  1.1122] [-3.0921 -0.7862 -2.3901] [-4.1782 -1.0132 -2.9964]
desired pos:  [-2.0745 -0.8362  1.1267] [-2.9465 -0.7174 -2.2445] [-4.0628 -0.9599 -2.8951]
desired pos:  [-2.0607 -0.8291  1.1421] [-2.808  -0.6464 -2.0905] [-3.9197 -0.8975 -2.7914]
desired pos:  [-2.0529 -0.8241  1.1553] [-2.7301 -0.5966 -1.9586] [-3.773  -0.8356 -2.6842]
desired pos:  [-2.0417 -0.8156  1.1745] [-2.6184 -0.5113 -1.7668] [-3.614  -0.7639 -2.5494]
desired pos:  [-2.0353 -0.808   1.1875] [-2.5538 -0.4351 -1.6369] [-3.4606 -0.6905 -2.404 ]
desired pos:  [-2.0266 -0.7983  1.2038] [-2.4672 -0.338  -1.4739] [-3.2947 -0.6092 -2.2467]
desired pos:  [-2.017  -0.7883  1.2233] [-2.3714 -0.2378 -1.2787] [-3.156  -0.5369 -2.0878]
desired pos:  [-2.0042 -0.7779  1.2416] [-2.243  -0.1345 -1.0958] [-3.0245 -0.4623 -1.9373]
desired pos:  [-1.991  -0.7686  1.2552] [-2.1114 -0.0411 -0.9599] [-2.9067 -0.3879 -1.7901]
desired pos:  [-1.9792 -0.7594  1.2691] [-1.9931  0.0503 -0.821 ] [-2.7983 -0.3073 -1.6148]
desired pos:  [-1.9706 -0.7512  1.2803] [-1.9075  0.1327 -0.7091] [-2.709  -0.2307 -1.4544]
desired pos:  [-1.9618 -0.7415  1.2937] [-1.8192  0.2297 -0.5743] [-2.6047 -0.1362 -1.2957]
desired pos:  [-1.9545 -0.7333  1.3066] [-1.7462  0.3118 -0.4462] [-2.5061 -0.0527 -1.1599]
desired pos:  [-1.9486 -0.7267  1.3141] [-1.6876  0.3774 -0.3708] [-2.4196  0.0181 -1.0559]
desired pos:  [-1.9405 -0.7185  1.3227] [-1.6067  0.4594 -0.2847] [-2.3112  0.108  -0.9205]
desired pos:  [-1.9313 -0.7096  1.3372] [-1.5145  0.5492 -0.1393] [-2.1804  0.212  -0.7568]
desired pos:  [-1.9245 -0.7008  1.3529] [-1.4463  0.637   0.0177] [-2.0524  0.3231 -0.6182]
desired pos:  [-1.9229 -0.6956  1.3634] [-1.4302  0.6891  0.1226] [-1.9612  0.4057 -0.5211]
desired pos:  [-1.9207 -0.6902  1.3701] [-1.4085  0.7426  0.1893] [-1.8756  0.4867 -0.4212]
desired pos:  [-1.9148 -0.6817  1.3796] [-1.3493  0.8275  0.2846] [-1.7848  0.5924 -0.266 ]
desired pos:  [-1.9065 -0.6746  1.3904] [-1.266   0.8988  0.3923] [-1.7055  0.6871 -0.1223]
desired pos:  [-1.8963 -0.6692  1.398 ] [-1.164   0.9532  0.468 ] [-1.6438  0.7745 -0.0287]
desired pos:  [-1.8866 -0.6641  1.404 ] [-1.0676  1.0036  0.5285] [-1.5967  0.8655  0.0649]
desired pos:  [-1.8796 -0.6596  1.4078] [-0.9974  1.0491  0.5666] [-1.557   0.9484  0.172 ]
desired pos:  [-1.8741 -0.6554  1.4087] [-0.9426  1.0906  0.5753] [-1.5162  1.0238  0.2695]
desired pos:  [-1.8704 -0.6527  1.4057] [-0.9057  1.118   0.5457] [-1.4837  1.0859  0.3287]
desired pos:  [-1.8657 -0.6492  1.4027] [-0.8587  1.153   0.5154] [-1.4341  1.1582  0.3823]
desired pos:  [-1.861  -0.6466  1.3985] [-0.8112  1.1792  0.4736] [-1.3827  1.2218  0.4265]
desired pos:  [-1.8561 -0.6449  1.3914] [-0.7619  1.1953  0.4023] [-1.3316  1.2793  0.432 ]
desired pos:  [-1.8525 -0.6433  1.3849] [-0.7263  1.2121  0.3371] [-1.2858  1.3326  0.4215]
desired pos:  [-1.8506 -0.6404  1.3768] [-0.7074  1.2411  0.2562] [-1.2478  1.3808  0.3898]
desired pos:  [-1.8499 -0.6371  1.3682] [-0.7004  1.2742  0.1706] [-1.2205  1.4221  0.3455]
desired pos:  [-1.8499 -0.6352  1.3616] [-0.7003  1.2927  0.1046] [-1.2025  1.4449  0.3042]
desired pos:  [-1.8499 -0.6335  1.3557] [-0.7002  1.3102  0.0454] [-1.1917  1.4661  0.2637]
desired pos:  [-1.8485 -0.6319  1.3478] [-0.6864  1.3254 -0.0335] [-1.1759  1.4858  0.2058]
desired pos:  [-1.8467 -0.6311  1.3417] [-0.6687  1.3338 -0.0951] [-1.1625  1.5012  0.1459]
desired pos:  [-1.845  -0.6299  1.3378] [-0.6509  1.3459 -0.134 ] [-1.1528  1.5239  0.0765]
desired pos:  [-1.8423 -0.6291  1.3357] [-0.6247  1.3537 -0.1545] [-1.1357  1.545   0.0035]
desired pos:  [-1.8402 -0.6285  1.333 ] [-0.6037  1.3597 -0.1813] [-1.1229  1.5654 -0.0776]
desired pos:  [-1.8385 -0.6283  1.332 ] [-0.5864  1.3619 -0.1922] [-1.1118  1.5815 -0.1348]
desired pos:  [-1.8373 -0.6279  1.3311] [-0.5739  1.366  -0.2006] [-1.1032  1.5979 -0.179 ]
desired pos:  [-1.8358 -0.628   1.3301] [-0.5598  1.3647 -0.211 ] [-1.0905  1.607  -0.2196]
desired pos:  [-1.8344 -0.628   1.3298] [-0.5451  1.3648 -0.2136] [-1.075   1.6155 -0.2467]
desired pos:  [-1.8909 -0.7118  1.3502] [-1.1102  0.5269 -0.0094] [-1.6375  0.7829 -0.0262]
desired pos:  [-1.8301 -0.6263  1.3218] [-0.5025  1.3814 -0.2937] [-1.0243  1.6392 -0.3119]
desired pos:  [-1.8288 -0.6264  1.3264] [-0.4893  1.3811 -0.2474] [-0.9992  1.6368 -0.318 ]
desired pos:  [-1.8312 -0.6301  1.3362] [-0.5131  1.3439 -0.1493] [-1.0062  1.5957 -0.2731]
desired pos:  [-1.8341 -0.6332  1.3425] [-0.5419  1.3125 -0.0865] [-1.0167  1.5604 -0.2674]
desired pos:  [-1.8369 -0.6368  1.3445] [-0.5701  1.277  -0.0668] [-1.0257  1.5213 -0.3039]
desired pos:  [-1.8379 -0.6378  1.3475] [-0.5804  1.2666 -0.0369] [-1.0166  1.5077 -0.328 ]
desired pos:  [-1.8382 -0.6378  1.3541] [-0.5835  1.2664  0.0288] [-1.0013  1.5046 -0.3039]
desired pos:  [-1.8369 -0.6362  1.3608] [-0.5704  1.2826  0.0962] [-0.971   1.518  -0.2634]
desired pos:  [-1.8359 -0.6348  1.368 ] [-0.5604  1.2967  0.1684] [-0.9443  1.5292 -0.2114]
desired pos:  [-1.8351 -0.633   1.3738] [-0.552   1.3145  0.2258] [-0.919   1.544  -0.1751]
desired pos:  [-1.8338 -0.6327  1.3799] [-0.5391  1.3173  0.2874] [-0.8883  1.5439 -0.1395]
desired pos:  [-1.8332 -0.6325  1.3871] [-0.5337  1.3197  0.3593] [-0.8644  1.5433 -0.0927]
desired pos:  [-1.8331 -0.6325  1.395 ] [-0.5324  1.3195  0.4381] [-0.8439  1.5403 -0.0369]
desired pos:  [-1.8336 -0.6331  1.4031] [-0.5373  1.3142  0.5191] [-0.828   1.5324  0.0184]
desired pos:  [-1.8345 -0.6338  1.4115] [-0.5464  1.3063  0.6036] [-0.814   1.522   0.0656]
desired pos:  [-1.8359 -0.6351  1.4237] [-0.5599  1.2939  0.7257] [-0.8014  1.5071  0.1374]
desired pos:  [-1.8375 -0.6348  1.4408] [-0.5763  1.2968  0.8962] [-0.7901  1.5068  0.2553]
desired pos:  [-1.8394 -0.6346  1.4566] [-0.595   1.2989  1.0544] [-0.7817  1.504   0.3668]
desired pos:  [-1.8414 -0.6348  1.472 ] [-0.615   1.2965  1.208 ] [-0.7793  1.4931  0.4883]
desired pos:  [-1.8429 -0.6336  1.4865] [-0.6306  1.3089  1.3537] [-0.7824  1.4918  0.6227]
desired pos:  [-1.8432 -0.6328  1.496 ] [-0.633   1.3168  1.4478] [-0.7877  1.4831  0.7426]
desired pos:  [-1.8412 -0.6323  1.5021] [-0.6134  1.3218  1.5097] [-0.7911  1.471   0.8618]
desired pos:  [-1.8384 -0.6315  1.5139] [-0.585   1.3295  1.6273] [-0.81    1.4628  1.0479]
desired pos:  [-1.8331 -0.6317  1.5217] [-0.5322  1.3282  1.7051] [-0.8259  1.452   1.2131]
desired pos:  [-1.8272 -0.6313  1.5223] [-0.4737  1.3317  1.7115] [-0.8515  1.4573  1.3273]
desired pos:  [-1.82   -0.6332  1.5216] [-0.4009  1.3132  1.704 ] [-0.8686  1.4549  1.4468]
desired pos:  [-1.8124 -0.636   1.5166] [-0.3249  1.2852  1.654 ] [-0.8772  1.4588  1.539 ]
desired pos:  [-1.805  -0.6409  1.5082] [-0.2513  1.2354  1.5704] [-0.8754  1.4532  1.6013]
desired pos:  [-1.7984 -0.6463  1.497 ] [-0.1856  1.1817  1.4578] [-0.8635  1.4496  1.6283]
desired pos:  [-1.7914 -0.6541  1.4848] [-0.1154  1.1039  1.3364] [-0.8369  1.4341  1.613 ]
desired pos:  [-1.785  -0.6638  1.4763] [-0.0511  1.0066  1.251 ] [-0.8022  1.4093  1.5822]
desired pos:  [-1.7809 -0.6741  1.4668] [-0.0106  0.9039  1.1557] [-0.7662  1.3728  1.5037]
desired pos:  [-1.7784 -0.6851  1.4584] [0.0148 0.7936 1.0724] [-0.7183  1.3169  1.4126]
desired pos:  [-1.7775 -0.6901  1.4489] [0.0233 0.7434 0.9769] [-0.6681  1.2553  1.3221]
desired pos:  [-1.7792 -0.7029  1.438 ] [0.0072 0.6158 0.8678] [-0.627   1.1858  1.2271]
desired pos:  [-1.7844 -0.7122  1.4328] [-0.0449  0.5231  0.816 ] [-0.5904  1.1071  1.1295]
desired pos:  [-1.7889 -0.7205  1.4225] [-0.0898  0.4399  0.7128] [-0.5612  1.0307  1.0277]
desired pos:  [-1.7927 -0.7283  1.412 ] [-0.1283  0.3613  0.6083] [-0.536   0.9507  0.9203]
desired pos:  [-1.7958 -0.7361  1.4002] [-0.1589  0.2839  0.4905] [-0.5235  0.8679  0.8276]
desired pos:  [-1.7973 -0.7435  1.3846] [-0.1739  0.2096  0.3343] [-0.5178  0.7867  0.7298]
desired pos:  [-1.7983 -0.7517  1.3686] [-0.1842  0.1277  0.1745] [-0.5211  0.6972  0.6287]
desired pos:  [-1.7976 -0.7576  1.3547] [-0.1772  0.0683  0.035 ] [-0.5226  0.6276  0.5272]
desired pos:  [-1.7946 -0.7633  1.3434] [-0.1469  0.0115 -0.0781] [-0.5222  0.5549  0.3994]
desired pos:  [-1.789  -0.7679  1.3332] [-0.0913 -0.0338 -0.1801] [-0.5156  0.4891  0.2552]
desired pos:  [-1.7819 -0.7702  1.3273] [-0.0199 -0.0573 -0.2388] [-0.5014  0.4423  0.1599]
desired pos:  [-1.7736 -0.7742  1.3176] [ 0.0623 -0.0972 -0.3358] [-0.4765  0.3757  0.0293]
desired pos:  [-1.7664 -0.7761  1.3118] [ 0.1346 -0.116  -0.3941] [-0.4522  0.3268 -0.0634]
desired pos:  [-1.7603 -0.7778  1.3072] [ 0.1953 -0.1331 -0.4395] [-0.4229  0.2776 -0.1472]
desired pos:  [-1.753  -0.7812  1.2998] [ 0.2688 -0.1676 -0.5135] [-0.3619  0.211  -0.2625]
desired pos:  [-1.7481 -0.782   1.2968] [ 0.318  -0.1749 -0.544 ] [-0.3085  0.173  -0.3346]
desired pos:  [-1.7427 -0.7829  1.2935] [ 0.3712 -0.1846 -0.5766] [-0.2386  0.1342 -0.4089]
desired pos:  [-1.7385 -0.7836  1.2904] [ 0.4142 -0.1916 -0.6081] [-0.1739  0.1023 -0.4626]
desired pos:  [-1.7344 -0.7838  1.2851] [ 0.4543 -0.193  -0.6612] [-0.1121  0.08   -0.516 ]
desired pos:  [-1.7297 -0.784   1.2808] [ 0.502  -0.1949 -0.7041] [-0.044   0.0584 -0.5609]
desired pos:  [-1.7242 -0.7838  1.2776] [ 0.5566 -0.1931 -0.7359] [ 0.0285  0.0405 -0.6042]
desired pos:  [-1.7186 -0.7837  1.2756] [ 0.6124 -0.1919 -0.7558] [ 0.0994  0.0213 -0.647 ]
desired pos:  [-1.7122 -0.7821  1.2736] [ 0.6771 -0.1762 -0.7757] [ 0.1776  0.0164 -0.696 ]
desired pos:  [-1.706  -0.7817  1.2715] [ 0.7386 -0.1722 -0.7966] [ 0.2538  0.0002 -0.7438]
desired pos:  [-1.7006 -0.7804  1.2699] [ 0.7931 -0.1592 -0.8128] [ 0.3263 -0.0059 -0.7811]
desired pos:  [-1.6959 -0.7794  1.2684] [ 0.8399 -0.1488 -0.8273] [ 0.396  -0.0136 -0.8161]
desired pos:  [-1.6913 -0.7781  1.2686] [ 0.8855 -0.1364 -0.8262] [ 0.4698 -0.0183 -0.8405]
desired pos:  [-1.6879 -0.7766  1.269 ] [ 0.9192 -0.1214 -0.8222] [ 0.5369 -0.0193 -0.867 ]
desired pos:  [-1.6849 -0.7754  1.2705] [ 0.9501 -0.1089 -0.8067] [ 0.6056 -0.0216 -0.8866]
desired pos:  [-1.6823 -0.7739  1.2728] [ 0.9756 -0.0945 -0.7834] [ 0.6728 -0.0205 -0.9022]
desired pos:  [-1.68   -0.7727  1.2762] [ 0.9992 -0.0827 -0.7499] [ 0.7413 -0.0207 -0.913 ]
desired pos:  [-1.6752 -0.7708  1.2816] [ 1.0467 -0.0637 -0.6959] [ 0.8374 -0.0112 -0.9072]
desired pos:  [-1.674  -0.769   1.2872] [ 1.0589 -0.0448 -0.6399] [ 0.8997 -0.0002 -0.8995]
desired pos:  [-1.6734 -0.7674  1.2928] [ 1.0646 -0.0292 -0.5837] [ 0.957   0.0095 -0.8905]
desired pos:  [-1.6732 -0.7657  1.2993] [ 1.0668 -0.0122 -0.5188] [ 1.012   0.0225 -0.8728]
desired pos:  [-1.6721 -0.7634  1.3084] [ 1.0774  0.0106 -0.4274] [ 1.0762  0.0432 -0.8281]
desired pos:  [-1.6729 -0.7619  1.3174] [ 1.0699  0.0256 -0.3373] [ 1.1223  0.0578 -0.7815]
desired pos:  [-1.6742 -0.7606  1.3262] [ 1.0562  0.0384 -0.2496] [ 1.1617  0.0718 -0.7323]
desired pos:  [-1.6761 -0.7593  1.3351] [ 1.038   0.0516 -0.1609] [ 1.1961  0.0873 -0.68  ]
desired pos:  [-1.6781 -0.7578  1.3444] [ 1.0176  0.067  -0.0675] [ 1.2269  0.1057 -0.6193]
desired pos:  [-1.6807 -0.7568  1.3556] [0.9922 0.0769 0.0438] [ 1.2494  0.1192 -0.5319]
desired pos:  [-1.6838 -0.7561  1.3667] [0.9611 0.0841 0.155 ] [ 1.264   0.1302 -0.4423]
desired pos:  [-1.6869 -0.7553  1.3783] [0.9295 0.0922 0.2711] [ 1.2783  0.142  -0.3584]
desired pos:  [-1.6912 -0.7538  1.3917] [0.8872 0.1072 0.4055] [ 1.2819  0.1601 -0.2689]
desired pos:  [-1.6963 -0.7524  1.4096] [0.8359 0.1203 0.5841] [ 1.2749  0.1744 -0.1404]
desired pos:  [-1.8264 -0.7651  1.3685] [-0.4657 -0.0063  0.1735] [ 0.014   0.0451 -0.6007]
desired pos:  [-1.7081 -0.7476  1.4432] [0.7177 0.1693 0.92  ] [1.2275 0.2115 0.1275]
desired pos:  [-1.7168 -0.7431  1.4548] [0.631  0.2138 1.036 ] [1.1572 0.2386 0.2542]
desired pos:  [-1.7297 -0.7399  1.4549] [0.5017 0.2462 1.0371] [1.0308 0.248  0.2768]
desired pos:  [-1.7468 -0.7371  1.4594] [0.3308 0.2734 1.0819] [0.8502 0.254  0.3694]
desired pos:  [-1.7633 -0.7332  1.4777] [0.1656 0.3126 1.2648] [0.6631 0.2759 0.6188]
desired pos:  [-1.7656 -0.7332  1.476 ] [0.1431 0.3126 1.2486] [0.5231 0.3082 0.8387]
desired pos:  [-1.7803 -0.7274  1.488 ] [-0.0047  0.3705  1.3684] [0.4464 0.3368 0.9546]
desired pos:  [-1.7787 -0.7176  1.498 ] [0.0113 0.4686 1.4686] [0.3734 0.379  1.0427]
desired pos:  [-1.7765 -0.7109  1.4951] [0.0337 0.5356 1.4395] [0.2821 0.4205 1.1572]
desired pos:  [-1.7749 -0.7061  1.4887] [0.0495 0.5834 1.3756] [0.1713 0.4539 1.251 ]
desired pos:  [-1.7737 -0.7029  1.4841] [0.0616 0.6156 1.3292] [0.0522 0.4899 1.3131]
desired pos:  [-1.7708 -0.703   1.4839] [0.0911 0.6147 1.3275] [-0.045   0.5092  1.3607]
desired pos:  [-1.7681 -0.7042  1.4804] [0.1181 0.6028 1.2924] [-0.1227  0.5301  1.3487]
desired pos:  [-1.7664 -0.7056  1.4771] [0.1348 0.5884 1.2597] [-0.1963  0.5582  1.3336]
desired pos:  [-1.7651 -0.7083  1.4729] [0.1477 0.5618 1.2169] [-0.2583  0.5799  1.3124]
desired pos:  [-1.764  -0.7113  1.4671] [0.1589 0.5313 1.1596] [-0.3016  0.5965  1.2936]
desired pos:  [-1.7624 -0.715   1.4611] [0.1743 0.4946 1.0994] [-0.3272  0.6089  1.26  ]
desired pos:  [-1.761  -0.7215  1.4578] [0.1885 0.43   1.066 ] [-0.3448  0.5956  1.2231]
desired pos:  [-1.7598 -0.7278  1.4549] [0.2003 0.3667 1.0373] [-0.35    0.5782  1.1749]
desired pos:  [-1.7596 -0.7341  1.4534] [0.2025 0.3042 1.0225] [-0.3483  0.5535  1.1253]
desired pos:  [-1.7607 -0.7392  1.4532] [0.1917 0.2527 1.0203] [-0.3422  0.5301  1.0843]
desired pos:  [-1.763  -0.7431  1.4535] [0.1692 0.2136 1.0237] [-0.331   0.4975  1.0343]
desired pos:  [-1.6558 -0.7682  1.3964] [ 1.2409 -0.0374  0.452 ] [0.8014 0.2626 0.4237]
desired pos:  [-1.7704 -0.7514  1.4508] [0.0948 0.131  0.9964] [-0.2927  0.4304  0.9891]
desired pos:  [-1.77   -0.7564  1.4457] [0.0983 0.0806 0.9448] [-0.2398  0.3805  0.9613]
desired pos:  [-1.7664 -0.7624  1.4317] [0.1351 0.0203 0.8057] [-0.136   0.316   0.8005]
desired pos:  [-1.7641 -0.7675  1.4323] [ 0.1579 -0.0299  0.8117] [-0.0272  0.2548  0.781 ]
desired pos:  [-1.7704 -0.7712  1.4424] [ 0.0952 -0.0668  0.912 ] [0.0123 0.2063 0.87  ]
desired pos:  [-1.7843 -0.7738  1.4389] [-0.0442 -0.0933  0.8769] [-0.0184  0.1734  0.8487]
desired pos:  [-1.8009 -0.7761  1.4298] [-0.2099 -0.1167  0.786 ] [-0.0761  0.1482  0.777 ]
desired pos:  [-1.816  -0.7783  1.4315] [-0.3614 -0.1382  0.8035] [-0.1324  0.1229  0.7947]
desired pos:  [-1.8275 -0.7809  1.4348] [-0.4759 -0.1645  0.8364] [-0.179   0.0887  0.8203]
desired pos:  [-1.8363 -0.7835  1.4309] [-0.5638 -0.1904  0.7975] [-0.2277  0.0526  0.782 ]
desired pos:  [-1.8425 -0.785   1.4269] [-0.6266 -0.2051  0.757 ] [-0.2745  0.0245  0.7502]
desired pos:  [-1.8494 -0.7866  1.4256] [-0.6953 -0.2213  0.7437] [-0.3433 -0.0076  0.7451]
desired pos:  [-1.8548 -0.7872  1.4255] [-0.7493 -0.2269  0.7436] [-0.4093 -0.0298  0.7574]
desired pos:  [-1.8604 -0.7871  1.4241] [-0.8053 -0.2263  0.7288] [-0.4879 -0.0473  0.7439]
desired pos:  [-1.8649 -0.7867  1.4237] [-0.8498 -0.2219  0.7248] [-0.5666 -0.0625  0.7257]
desired pos:  [-1.8683 -0.7864  1.4228] [-0.8841 -0.2189  0.7163] [-0.644  -0.0781  0.7044]
desired pos:  [-1.8712 -0.7863  1.4224] [-0.9135 -0.2183  0.7124] [-0.7224 -0.094   0.6938]
desired pos:  [-1.8735 -0.7857  1.4228] [-0.9364 -0.2127  0.7162] [-0.7987 -0.1027  0.6936]
desired pos:  [-1.8749 -0.7858  1.4223] [-0.9498 -0.2137  0.7109] [-0.8663 -0.1155  0.6887]
desired pos:  [-1.8769 -0.786   1.4202] [-0.9698 -0.215   0.6899] [-0.9366 -0.1257  0.6786]
desired pos:  [-1.8774 -0.786   1.417 ] [-0.9748 -0.2152  0.6579] [-0.9855 -0.1326  0.6703]
desired pos:  [-1.8786 -0.7862  1.4134] [-0.9873 -0.2174  0.6221] [-1.0359 -0.1398  0.6666]
desired pos:  [-1.8803 -0.7868  1.409 ] [-1.0047 -0.2237  0.5779] [-1.0868 -0.1501  0.6578]
desired pos:  [-1.8813 -0.7874  1.4048] [-1.014  -0.2288  0.5363] [-1.126  -0.1586  0.6536]
desired pos:  [-1.8827 -0.7875  1.3987] [-1.0279 -0.2304  0.4751] [-1.1673 -0.1633  0.6267]
desired pos:  [-1.8834 -0.7884  1.3932] [-1.0349 -0.239   0.4204] [-1.2    -0.1748  0.6006]
desired pos:  [-1.8844 -0.7892  1.3873] [-1.0454 -0.2471  0.3615] [-1.2335 -0.1856  0.5692]
desired pos:  [-1.8852 -0.7901  1.3807] [-1.0531 -0.2558  0.2953] [-1.2618 -0.197   0.5292]
desired pos:  [-1.886  -0.7906  1.3744] [-1.0612 -0.2616  0.2324] [-1.2878 -0.2053  0.4938]
desired pos:  [-1.8874 -0.791   1.3665] [-1.0753 -0.2651  0.1534] [-1.3174 -0.2115  0.4406]
desired pos:  [-1.8881 -0.7922  1.3586] [-1.0825 -0.2777  0.0743] [-1.338  -0.2269  0.3845]
desired pos:  [-1.889  -0.7928  1.3499] [-1.0915 -0.283  -0.0127] [-1.3578 -0.235   0.3227]
desired pos:  [-1.8905 -0.7938  1.3403] [-1.1058 -0.2927 -0.1083] [-1.3802 -0.2477  0.2542]
desired pos:  [-1.8912 -0.7948  1.3311] [-1.1128 -0.3037 -0.2005] [-1.3928 -0.2618  0.1888]
press 3 button to land
[-1.9206 -0.792   1.3618]
[-2.3187 -0.7204  0.681 ]
