crazyflie id: 1
100000000.0 8
loading model :  deq-mpc_FlyingCartpole_obstacles_lr1e3_ineqfix_innerdeqinpGN_andersongoodgradlast_phontom3ReLU_03sdata_qpsolve_gradclip2_noemb_Q10-10-80-1-1R1e8_ub03obsr04_again_T5_bsz200_deq_iter6_hdim1024_valfrac1.0
press 1 button to takeoff
crazyflie position: [-2.1363 -0.9328  0.7517]
crazyflie position: [-2.1363 -0.9328  0.7517]
crazyflie position: [-2.1363 -0.9328  0.7517]
crazyflie position: [-2.1364 -0.9328  0.7517]
crazyflie position: [-2.1363 -0.9328  0.7517]
crazyflie position: [-2.1363 -0.9328  0.7517]
crazyflie position: [-2.1364 -0.9328  0.7517]
crazyflie position: [-2.1363 -0.9328  0.7517]
crazyflie position: [-2.1363 -0.9328  0.7517]
crazyflie position: [-2.1363 -0.9328  0.7517]
crazyflie position: [-2.1364 -0.9328  0.7517]
1press 2 button to run DEQ-MPC scenerio
2desired pos:  [-2.1703 -0.9018  0.9792] [-2.5001 -2.4998 -2.4737] [-2.5 -2.5 -2.5]
desired pos:  [-2.1723 -0.9074  0.9871] [-2.5198 -2.5558 -2.395 ] [-2.5185 -2.5589 -2.475 ]
desired pos:  [-2.1727 -0.9064  0.9911] [-2.524  -2.5456 -2.3551] [-2.5211 -2.5577 -2.4886]
desired pos:  [-2.174  -0.9038  0.992 ] [-2.5374 -2.519  -2.3465] [-2.5365 -2.5479 -2.5311]
desired pos:  [-2.1768 -0.8985  0.9917] [-2.5648 -2.4665 -2.3492] [-2.5737 -2.5201 -2.5816]
desired pos:  [-2.1803 -0.8912  0.9958] [-2.6003 -2.393  -2.3083] [-2.6295 -2.4772 -2.5829]
desired pos:  [-2.1846 -0.882   1.0016] [-2.6435 -2.3015 -2.2502] [-2.7048 -2.4206 -2.5595]
desired pos:  [-2.1878 -0.873   1.0052] [-2.6754 -2.2111 -2.2144] [-2.7778 -2.3666 -2.5534]
desired pos:  [-2.1884 -0.8649  1.0085] [-2.6808 -2.1307 -2.1812] [-2.8297 -2.3222 -2.5455]
desired pos:  [-2.188  -0.856   1.0148] [-2.6775 -2.0411 -2.1178] [-2.8768 -2.2677 -2.5094]
desired pos:  [-2.1863 -0.8474  1.0224] [-2.6596 -1.9555 -2.0421] [-2.9136 -2.215  -2.4651]
desired pos:  [-2.1829 -0.8387  1.0286] [-2.6258 -1.8682 -1.9797] [-2.9391 -2.1579 -2.4346]
desired pos:  [-2.179  -0.8288  1.0363] [-2.5875 -1.7692 -1.9027] [-2.9643 -2.0864 -2.386 ]
desired pos:  [-2.1737 -0.8184  1.0459] [-2.5343 -1.6655 -1.8069] [-2.9789 -2.0093 -2.3147]
desired pos:  [-2.1671 -0.8085  1.0541] [-2.4684 -1.567  -1.725 ] [-2.9831 -1.9385 -2.2553]
desired pos:  [-2.1607 -0.8006  1.0617] [-2.4044 -1.4876 -1.6496] [-2.9877 -1.889  -2.2025]
desired pos:  [-2.1526 -0.7903  1.0703] [-2.3228 -1.3846 -1.5635] [-2.9683 -1.8171 -2.1429]
desired pos:  [-2.1451 -0.7798  1.0815] [-2.2483 -1.2798 -1.4507] [-2.9452 -1.743  -2.0626]
desired pos:  [-2.1377 -0.7684  1.0945] [-2.1743 -1.1653 -1.3214] [-2.9089 -1.6556 -1.9736]
desired pos:  [-2.1309 -0.7558  1.1092] [-2.1056 -1.0397 -1.1737] [-2.8613 -1.5496 -1.8699]
desired pos:  [-2.1236 -0.7423  1.1196] [-2.0332 -0.9043 -1.07  ] [-2.7924 -1.4216 -1.7591]
desired pos:  [-2.1164 -0.7285  1.1268] [-1.9614 -0.7665 -0.9985] [-2.7096 -1.2809 -1.6384]
desired pos:  [-2.113  -0.719   1.1405] [-1.9266 -0.6719 -0.8612] [-2.6189 -1.1399 -1.509 ]
desired pos:  [-2.1079 -0.7045  1.1589] [-1.8755 -0.5263 -0.6771] [-2.5237 -0.9948 -1.3887]
desired pos:  [-2.1045 -0.6924  1.1714] [-1.8418 -0.4058 -0.5524] [-2.4277 -0.8462 -1.2779]
desired pos:  [-2.0999 -0.6806  1.1838] [-1.7958 -0.287  -0.4278] [-2.332  -0.7056 -1.1548]
desired pos:  [-2.094  -0.6669  1.195 ] [-1.7372 -0.1503 -0.3166] [-2.2463 -0.556  -1.0005]
desired pos:  [-2.0888 -0.6539  1.2039] [-1.6851 -0.0201 -0.2267] [-2.1792 -0.4171 -0.8514]
desired pos:  [-2.084  -0.6428  1.209 ] [-1.6373  0.0905 -0.1764] [-2.1209 -0.2983 -0.7485]
desired pos:  [-2.0809 -0.6331  1.2137] [-1.6062  0.1872 -0.1296] [-2.082  -0.1927 -0.6499]
desired pos:  [-2.0783 -0.6254  1.2163] [-1.5799  0.2648 -0.103 ] [-2.0507 -0.1052 -0.5664]
desired pos:  [-2.0753 -0.6179  1.2188] [-1.5501  0.3397 -0.0779] [-2.0176 -0.0182 -0.4875]
desired pos:  [-2.0724 -0.6111  1.22  ] [-1.5213  0.4073 -0.0659] [-1.987   0.0646 -0.4249]
desired pos:  [-2.0687 -0.6037  1.2199] [-1.4835  0.4819 -0.0672] [-1.9486  0.1571 -0.3708]
desired pos:  [-2.0649 -0.597   1.2184] [-1.4465  0.5483 -0.0825] [-1.9115  0.2446 -0.3244]
desired pos:  [-2.0618 -0.5916  1.2157] [-1.4145  0.6025 -0.1094] [-1.8781  0.3235 -0.2841]
desired pos:  [-2.0555 -0.582   1.2134] [-1.3521  0.6989 -0.132 ] [-1.8084  0.4513 -0.2456]
desired pos:  [-2.0515 -0.5737  1.2102] [-1.3116  0.7818 -0.1638] [-1.7492  0.5731 -0.2306]
desired pos:  [-2.0493 -0.5688  1.2071] [-1.2901  0.8305 -0.1949] [-1.695   0.6674 -0.2362]
desired pos:  [-2.0491 -0.5647  1.2056] [-1.288   0.8711 -0.21  ] [-1.6499  0.7582 -0.2471]
desired pos:  [-2.049  -0.56    1.2032] [-1.2874  0.9183 -0.2344] [-1.6012  0.855  -0.2745]
desired pos:  [-2.0516 -0.5579  1.2023] [-1.3127  0.9392 -0.2432] [-1.5767  0.923  -0.2905]
desired pos:  [-2.0529 -0.5561  1.2011] [-1.3262  0.9576 -0.2552] [-1.5437  0.9834 -0.3084]
desired pos:  [-2.0546 -0.5538  1.1995] [-1.3431  0.9801 -0.2709] [-1.5223  1.0407 -0.3239]
desired pos:  [-2.0556 -0.5513  1.1982] [-1.353   1.0056 -0.2838] [-1.5036  1.0949 -0.337 ]
desired pos:  [-2.0564 -0.549   1.197 ] [-1.3607  1.0289 -0.2962] [-1.4916  1.1429 -0.3552]
desired pos:  [-2.0564 -0.5467  1.1969] [-1.3606  1.0517 -0.297 ] [-1.4803  1.1873 -0.3682]
desired pos:  [-2.0564 -0.5445  1.1973] [-1.3606  1.0733 -0.2927] [-1.4772  1.2283 -0.3841]
desired pos:  [-2.0557 -0.5421  1.1985] [-1.354   1.0973 -0.2816] [-1.4754  1.2705 -0.4025]
desired pos:  [-2.0547 -0.5409  1.2007] [-1.344   1.1098 -0.2589] [-1.4767  1.3001 -0.4125]
desired pos:  [-2.0528 -0.5386  1.2024] [-1.3246  1.1326 -0.242 ] [-1.4725  1.3388 -0.4229]
desired pos:  [-2.0513 -0.5381  1.2042] [-1.3096  1.1374 -0.2238] [-1.4731  1.3577 -0.4216]
desired pos:  [-2.0499 -0.5367  1.206 ] [-1.2959  1.1512 -0.2066] [-1.4726  1.3835 -0.413 ]
desired pos:  [-2.0495 -0.5346  1.2076] [-1.2924  1.1725 -0.1903] [-1.4789  1.414  -0.4026]
desired pos:  [-2.0482 -0.5329  1.2091] [-1.279   1.1898 -0.1749] [-1.4722  1.4376 -0.3938]
desired pos:  [-2.0465 -0.5317  1.2109] [-1.2618  1.2011 -0.1573] [-1.4589  1.4522 -0.3875]
desired pos:  [-2.046  -0.5298  1.2137] [-1.257   1.2206 -0.1293] [-1.4557  1.4724 -0.3752]
desired pos:  [-2.0454 -0.5277  1.2168] [-1.2507  1.2415 -0.0978] [-1.4492  1.4917 -0.362 ]
desired pos:  [-2.0463 -0.5258  1.2206] [-1.2597  1.2604 -0.06  ] [-1.4566  1.507  -0.345 ]
desired pos:  [-2.0454 -0.5242  1.2243] [-1.2513  1.2765 -0.0229] [-1.4455  1.5182 -0.3306]
desired pos:  [-2.0452 -0.5223  1.2285] [-1.2487  1.2956  0.0185] [-1.4398  1.5316 -0.3115]
desired pos:  [-2.0448 -0.5206  1.2328] [-1.2454  1.3125  0.062 ] [-1.4333  1.5424 -0.2862]
desired pos:  [-2.0443 -0.519   1.2376] [-1.2401  1.3282  0.1102] [-1.4251  1.5519 -0.251 ]
desired pos:  [-2.0442 -0.5188  1.2427] [-1.2388  1.3307  0.1612] [-1.421   1.5487 -0.2079]
desired pos:  [-2.0427 -0.5175  1.2472] [-1.2239  1.3433  0.2054] [-1.4038  1.556  -0.1708]
desired pos:  [-2.0413 -0.5171  1.2524] [-1.2098  1.3479  0.2578] [-1.3877  1.556  -0.1239]
desired pos:  [-2.0405 -0.5168  1.2572] [-1.2018  1.3509  0.3058] [-1.378   1.5551 -0.0776]
desired pos:  [-2.0383 -0.5166  1.2613] [-1.18    1.3528  0.3468] [-1.3548  1.554  -0.0377]
desired pos:  [-2.0371 -0.5168  1.2653] [-1.1677  1.3506  0.3871] [-1.3412  1.5496  0.0021]
desired pos:  [-2.0358 -0.5164  1.2686] [-1.1547  1.3548  0.4198] [-1.327   1.5528  0.0346]
desired pos:  [-2.0348 -0.5159  1.2738] [-1.1445  1.3594  0.4716] [-1.3154  1.5572  0.0935]
desired pos:  [-2.033  -0.5164  1.2773] [-1.1267  1.3541  0.507 ] [-1.2958  1.5525  0.142 ]
desired pos:  [-2.0324 -0.5164  1.2811] [-1.1213  1.3546  0.5445] [-1.2883  1.5544  0.1922]
desired pos:  [-2.0314 -0.5171  1.2843] [-1.1107  1.3478  0.577 ] [-1.2753  1.5496  0.24  ]
desired pos:  [-2.0313 -0.5179  1.2871] [-1.11    1.34    0.6046] [-1.2722  1.5443  0.2855]
desired pos:  [-2.0308 -0.5186  1.2897] [-1.1047  1.3328  0.6305] [-1.2646  1.5397  0.3341]
desired pos:  [-2.0303 -0.5194  1.2908] [-1.1002  1.3245  0.6417] [-1.2581  1.5343  0.3729]
desired pos:  [-2.0302 -0.5196  1.2911] [-1.0989  1.323   0.6452] [-1.2555  1.5356  0.4123]
desired pos:  [-2.0298 -0.5202  1.2897] [-1.0954  1.317   0.6311] [-1.2521  1.5325  0.4478]
desired pos:  [-2.0304 -0.5219  1.2875] [-1.1009  1.2991  0.6089] [-1.259   1.5175  0.4834]
desired pos:  [-2.0302 -0.5218  1.2842] [-1.0987  1.3003  0.5753] [-1.2608  1.5219  0.5079]
desired pos:  [-2.0304 -0.5226  1.2793] [-1.1009  1.293   0.5273] [-1.2701  1.5183  0.5174]
desired pos:  [-2.0313 -0.5228  1.2744] [-1.1101  1.2902  0.478 ] [-1.2904  1.5199  0.5167]
desired pos:  [-2.0308 -0.5237  1.2694] [-1.1051  1.2811  0.4277] [-1.302   1.5164  0.4916]
desired pos:  [-2.0297 -0.525   1.2669] [-1.0942  1.269   0.4032] [-1.3131  1.5106  0.4737]
desired pos:  [-2.0292 -0.526   1.2642] [-1.0888  1.2585  0.3757] [-1.334   1.5066  0.4417]
desired pos:  [-2.028  -0.5265  1.2621] [-1.0768  1.2536  0.3549] [-1.3521  1.508   0.4054]
desired pos:  [-2.0314 -0.5233  1.1977] [-1.1112  1.2856 -0.2889] [-1.4217  1.546  -0.2751]
desired pos:  [-2.0249 -0.528   1.262 ] [-1.0459  1.2385  0.3543] [-1.3947  1.5042  0.3179]
desired pos:  [-2.0227 -0.5284  1.2588] [-1.0244  1.2349  0.3215] [-1.4098  1.5046  0.2463]
desired pos:  [-2.02   -0.5292  1.2454] [-0.9974  1.2268  0.1874] [-1.4179  1.4995  0.0717]
desired pos:  [-2.015  -0.5289  1.2427] [-0.9468  1.2291  0.1604] [-1.4011  1.5038 -0.0074]
desired pos:  [-2.0119 -0.5286  1.2543] [-0.9164  1.2329  0.2768] [-1.3983  1.5084  0.0712]
desired pos:  [-2.0079 -0.5282  1.2631] [-0.8759  1.2365  0.3649] [-1.3782  1.5115  0.1489]
desired pos:  [-2.0047 -0.5287  1.2619] [-0.8435  1.2319  0.3532] [-1.3626  1.5054  0.1232]
desired pos:  [-2.0016 -0.529   1.2619] [-0.8134  1.2286  0.3531] [-1.3461  1.4996  0.0954]
desired pos:  [-1.9981 -0.5291  1.2656] [-0.7776  1.2272  0.3901] [-1.3189  1.495   0.1235]
desired pos:  [-1.9949 -0.5296  1.2695] [-0.7456  1.2223  0.4291] [-1.2911  1.4866  0.1851]
desired pos:  [-1.993  -0.529   1.2707] [-0.7266  1.2281  0.4408] [-1.2731  1.4887  0.2379]
desired pos:  [-1.9894 -0.5293  1.2688] [-0.6912  1.2255  0.4216] [-1.2361  1.4816  0.2535]
desired pos:  [-1.9865 -0.5296  1.2673] [-0.6625  1.2222  0.4064] [-1.2033  1.4729  0.2586]
desired pos:  [-1.9842 -0.5295  1.2675] [-0.6393  1.2232  0.409 ] [-1.174   1.4683  0.2835]
desired pos:  [-1.9809 -0.5293  1.2667] [-0.6056  1.226   0.4012] [-1.1326  1.4654  0.3016]
desired pos:  [-1.9779 -0.5284  1.2658] [-0.5755  1.2349  0.392 ] [-1.0931  1.4686  0.3145]
desired pos:  [-1.9748 -0.5287  1.2647] [-0.5449  1.2313  0.3806] [-1.0523  1.4594  0.3214]
desired pos:  [-1.9718 -0.5291  1.2622] [-0.5148  1.2279  0.3561] [-1.011   1.451   0.3069]
desired pos:  [-1.9686 -0.5293  1.2609] [-0.483   1.2256  0.3428] [-0.9673  1.4443  0.2984]
desired pos:  [-1.9659 -0.5296  1.2601] [-0.4563  1.2224  0.3352] [-0.9287  1.4378  0.2987]
desired pos:  [-1.9626 -0.5299  1.2583] [-0.4234  1.2197  0.3173] [-0.8836  1.4329  0.2878]
desired pos:  [-1.9599 -0.5298  1.2566] [-0.3958  1.2209  0.3003] [-0.8433  1.4327  0.2736]
desired pos:  [-1.9574 -0.5305  1.2549] [-0.371   1.2132  0.2827] [-0.8054  1.4245  0.2561]
desired pos:  [-1.9548 -0.5306  1.2538] [-0.345   1.2123  0.2719] [-0.7658  1.424   0.2447]
desired pos:  [-1.952  -0.5313  1.2526] [-0.3169  1.2058  0.2597] [-0.7238  1.4184  0.2315]
desired pos:  [-1.9498 -0.5313  1.2516] [-0.2953  1.2055  0.2494] [-0.6876  1.4196  0.2191]
desired pos:  [-1.9472 -0.5317  1.25  ] [-0.2694  1.202   0.234 ] [-0.6463  1.4178  0.1985]
desired pos:  [-1.9463 -0.5319  1.2492] [-0.2596  1.1998  0.2257] [-0.6203  1.4177  0.1838]
desired pos:  [-1.9438 -0.5323  1.248 ] [-0.2348  1.1952  0.2137] [-0.5788  1.4153  0.1647]
desired pos:  [-1.9424 -0.5331  1.248 ] [-0.2206  1.1878  0.2134] [-0.5473  1.4101  0.1588]
desired pos:  [-1.9399 -0.5329  1.2468] [-0.1955  1.1892  0.202 ] [-0.5044  1.4136  0.1407]
desired pos:  [-1.9384 -0.5331  1.247 ] [-0.181   1.1879  0.2038] [-0.4712  1.4142  0.1338]
desired pos:  [-1.9366 -0.5341  1.2467] [-0.1632  1.1779  0.2011] [-0.4346  1.4059  0.1238]
desired pos:  [-1.9349 -0.5346  1.2465] [-0.1459  1.1723  0.1984] [-0.398   1.4017  0.1122]
desired pos:  [-1.9334 -0.5357  1.2464] [-0.1305  1.162   0.1982] [-0.3635  1.3925  0.1035]
desired pos:  [-1.932  -0.5367  1.2466] [-0.1173  1.1514  0.1995] [-0.3317  1.3827  0.0989]
desired pos:  [-1.9309 -0.5373  1.2467] [-0.1064  1.1457  0.2004] [-0.303   1.3776  0.0962]
desired pos:  [-1.9296 -0.5378  1.2464] [-0.0933  1.141   0.1977] [-0.273   1.3734  0.0901]
desired pos:  [-1.9288 -0.5392  1.2466] [-0.0852  1.1263  0.1998] [-0.2495  1.3592  0.0905]
desired pos:  [-1.9279 -0.54    1.2463] [-0.0762  1.1183  0.1966] [-0.2268  1.3516  0.0869]
desired pos:  [-1.9266 -0.541   1.2463] [-0.0627  1.1089  0.197 ] [-0.2013  1.3427  0.0869]
desired pos:  [-1.9255 -0.5417  1.246 ] [-0.0516  1.1019  0.1939] [-0.18    1.3363  0.0843]
desired pos:  [-1.924  -0.5425  1.2453] [-0.0367  1.0939  0.1872] [-0.1565  1.3293  0.0769]
desired pos:  [-1.9232 -0.5438  1.2455] [-0.0288  1.0808  0.1889] [-0.1416  1.3172  0.0803]
desired pos:  [-1.9217 -0.5439  1.2449] [-0.0135  1.0792  0.1825] [-0.1203  1.3168  0.0773]
desired pos:  [-1.92   -0.5443  1.2447] [0.0029 1.0759 0.1808] [-0.0989  1.3148  0.078 ]
desired pos:  [-1.9189 -0.5452  1.2444] [0.014  1.0664 0.1781] [-0.0833  1.3065  0.0789]
desired pos:  [-1.9181 -0.546   1.2438] [0.0225 1.0585 0.1715] [-0.0705  1.2998  0.0747]
desired pos:  [-1.9171 -0.5466  1.2439] [0.032  1.0527 0.1724] [-0.0569  1.2949  0.0785]
desired pos:  [-1.9162 -0.5471  1.2432] [0.0411 1.0472 0.166 ] [-0.0439  1.2899  0.075 ]
desired pos:  [-1.9154 -0.548   1.2429] [0.0494 1.0383 0.1633] [-0.0318  1.2811  0.0736]
desired pos:  [-1.9148 -0.5488  1.2424] [0.0545 1.0307 0.1576] [-0.0231  1.2733  0.0692]
desired pos:  [-1.9135 -0.5493  1.2419] [0.0677 1.0251 0.1532] [-0.0068  1.2669  0.066 ]
desired pos:  [-1.9126 -0.5498  1.2414] [0.077  1.0202 0.1476] [0.0052 1.261  0.0625]
desired pos:  [-1.9116 -0.5504  1.2409] [0.0866 1.0141 0.143 ] [0.017  1.2536 0.0622]
desired pos:  [-1.9103 -0.5517  1.24  ] [0.1001 1.002  0.1339] [0.032  1.2398 0.0582]
desired pos:  [-1.909  -0.5519  1.2394] [0.1131 1.     0.1279] [0.0457 1.2359 0.0571]
desired pos:  [-1.9079 -0.5527  1.2385] [0.1243 0.9914 0.1186] [0.057  1.2252 0.0529]
desired pos:  [-1.9066 -0.5533  1.2375] [0.1372 0.9858 0.1089] [0.0694 1.2176 0.0467]
desired pos:  [-1.9053 -0.554   1.2369] [0.1495 0.979  0.1032] [0.0806 1.2086 0.0449]
desired pos:  [-1.9041 -0.5548  1.236 ] [0.1616 0.9707 0.094 ] [0.091  1.1981 0.0393]
desired pos:  [-1.9027 -0.5551  1.2352] [0.1761 0.9674 0.0861] [0.1034 1.1928 0.0334]
desired pos:  [-1.9011 -0.5559  1.2345] [0.1918 0.9596 0.0783] [0.1167 1.183  0.0276]
desired pos:  [-1.899  -0.5563  1.2337] [0.2132 0.9557 0.0704] [0.1355 1.1772 0.0219]
desired pos:  [-1.8971 -0.5568  1.2326] [0.2316 0.9501 0.0599] [0.1512 1.17   0.0126]
desired pos:  [-1.8956 -0.5568  1.2319] [0.2467 0.9502 0.0525] [0.1635 1.1687 0.0058]
desired pos:  [-1.8939 -0.5576  1.231 ] [0.2641 0.9426 0.044 ] [ 0.1782  1.16   -0.0015]
desired pos:  [-1.8923 -0.559   1.2301] [0.28   0.9286 0.0345] [ 0.1915  1.1451 -0.0105]
desired pos:  [-1.8904 -0.5592  1.2288] [0.2989 0.9267 0.0214] [ 0.2081  1.1428 -0.0255]
desired pos:  [-1.8887 -0.5599  1.2281] [0.3158 0.9194 0.015 ] [ 0.2227  1.1352 -0.0338]
desired pos:  [-1.8873 -0.5611  1.2275] [0.3298 0.9071 0.0086] [ 0.2347  1.1229 -0.0386]
desired pos:  [-1.8858 -0.5619  1.2261] [ 0.3453  0.8994 -0.0048] [ 0.2483  1.1156 -0.0505]
desired pos:  [-1.8843 -0.5627  1.2249] [ 0.3604  0.8916 -0.0168] [ 0.2615  1.1084 -0.0628]
desired pos:  [-1.8827 -0.5639  1.224 ] [ 0.3756  0.8792 -0.026 ] [ 0.2751  1.0969 -0.0706]
desired pos:  [-1.8811 -0.5643  1.2229] [ 0.3919  0.8751 -0.0373] [ 0.2899  1.0938 -0.0789]
desired pos:  [-1.8795 -0.5657  1.2218] [ 0.4081  0.8618 -0.0485] [ 0.3047  1.0816 -0.0877]
desired pos:  [-1.8776 -0.567   1.2203] [ 0.4269  0.8485 -0.0627] [ 0.3221  1.0698 -0.1006]
desired pos:  [-1.8754 -0.5682  1.2196] [ 0.449   0.8364 -0.0701] [ 0.3428  1.059  -0.1074]
desired pos:  [-1.8728 -0.5697  1.218 ] [ 0.4747  0.8215 -0.0866] [ 0.367   1.0454 -0.1294]
desired pos:  [-1.8703 -0.5707  1.2179] [ 0.5002  0.8119 -0.0877] [ 0.3911  1.0369 -0.1436]
desired pos:  [-1.8677 -0.5719  1.2183] [ 0.5255  0.7999 -0.0836] [ 0.415   1.0258 -0.1583]
desired pos:  [-1.8654 -0.5723  1.2207] [ 0.549   0.7959 -0.0588] [ 0.4375  1.0224 -0.1697]
desired pos:  [-1.8624 -0.5733  1.2252] [ 0.5789  0.7854 -0.0139] [ 0.4684  1.0124 -0.1744]
desired pos:  [-1.8592 -0.5736  1.2257] [ 0.611   0.7823 -0.0094] [ 0.5074  1.0095 -0.1833]
desired pos:  [-1.8584 -0.5747  1.224 ] [ 0.6191  0.7718 -0.0261] [ 0.5359  0.999  -0.1693]
desired pos:  [-1.8573 -0.5758  1.2212] [ 0.6302  0.7603 -0.0539] [ 0.5834  0.987  -0.1469]
desired pos:  [-1.8596 -0.5774  1.2209] [ 0.6072  0.7441 -0.0571] [ 0.6225  0.9725 -0.1292]
desired pos:  [-1.8637 -0.5797  1.2222] [ 0.5657  0.7215 -0.0442] [ 0.6616  0.9545 -0.1353]
desired pos:  [-1.867  -0.5812  1.2223] [ 0.5332  0.7068 -0.0427] [ 0.6978  0.944  -0.1533]
desired pos:  [-1.8694 -0.5836  1.2238] [ 0.5088  0.6824 -0.0282] [ 0.7199  0.9244 -0.1665]
desired pos:  [-1.8715 -0.5864  1.229 ] [0.4882 0.6542 0.0241] [ 0.7249  0.9049 -0.1533]
desired pos:  [-1.8735 -0.59    1.2347] [0.4681 0.6183 0.0811] [ 0.7188  0.8804 -0.1445]
desired pos:  [-1.8767 -0.5926  1.2402] [0.4356 0.5928 0.1357] [ 0.698   0.8661 -0.1435]
desired pos:  [-1.881  -0.5956  1.2465] [0.3929 0.5628 0.1991] [ 0.6689  0.8454 -0.1159]
desired pos:  [-1.9228 -0.5704  1.2543] [-0.0246  0.8145  0.2764] [ 0.2697  1.1061 -0.0671]
desired pos:  [-1.8914 -0.6022  1.2635] [0.2885 0.4965 0.3693] [ 0.6067  0.7992 -0.0192]
desired pos:  [-1.8976 -0.6056  1.2736] [0.2267 0.4628 0.4694] [0.5684 0.7799 0.0297]
desired pos:  [-1.9058 -0.608   1.2845] [0.1453 0.4387 0.5792] [0.504  0.7714 0.0981]
desired pos:  [-1.9155 -0.6095  1.297 ] [0.0481 0.4238 0.704 ] [0.4284 0.7632 0.1915]
desired pos:  [-1.925  -0.6107  1.3086] [-0.0472  0.4118  0.8202] [0.3624 0.7449 0.2741]
desired pos:  [-1.9324 -0.6131  1.3233] [-0.1206  0.3876  0.9669] [0.3034 0.7062 0.3807]
desired pos:  [-1.9385 -0.6158  1.3386] [-0.1818  0.3604  1.1194] [0.2365 0.6617 0.5052]
desired pos:  [-1.9447 -0.6176  1.3475] [-0.2435  0.3429  1.2091] [0.1591 0.628  0.618 ]
desired pos:  [-1.9505 -0.6187  1.3549] [-0.3023  0.332   1.2828] [0.0772 0.6011 0.7479]
desired pos:  [-1.9568 -0.6201  1.3635] [-0.3646  0.3179  1.3685] [-0.0156  0.5696  0.896 ]
desired pos:  [-1.9616 -0.621   1.3684] [-0.4125  0.3086  1.4174] [-0.0998  0.5436  1.0193]
desired pos:  [-1.9655 -0.622   1.37  ] [-0.4523  0.299   1.4335] [-0.1823  0.5174  1.1135]
desired pos:  [-1.9656 -0.6221  1.3709] [-0.4529  0.2972  1.4426] [-0.2413  0.4959  1.1825]
desired pos:  [-1.967  -0.6227  1.3762] [-0.4667  0.292   1.4962] [-0.3336  0.4663  1.2681]
desired pos:  [-1.9649 -0.6221  1.3774] [-0.4458  0.2971  1.5078] [-0.3973  0.4472  1.3117]
desired pos:  [-1.9624 -0.6225  1.3767] [-0.4208  0.2938  1.5004] [-0.4577  0.4222  1.3398]
desired pos:  [-1.9597 -0.6224  1.376 ] [-0.3939  0.2941  1.4941] [-0.5149  0.4047  1.3667]
press 3 button to land
[-1.8576 -0.5713  1.2232]
[-2.2706 -0.362   0.5699]
