Warning: No joystick found!
crazyflie id: 1
100000000.0 8
loading model :  deq-mpc_FlyingCartpole_obstacles_lr1e3_ineqfix_innerdeqinpGN_andersongoodgradlast_phontom3ReLU_03sdata_qpsolve_gradclip2_noemb_Q10-10-80-1-1R1e8_ub03obsr04_again_T5_bsz200_deq_iter6_hdim1024_valfrac1.0
press 1 button to takeoff
crazyflie position: [-2.5866 -0.8141  0.7548]
crazyflie position: [-2.5866 -0.8141  0.7547]
crazyflie position: [-2.5865 -0.8141  0.7547]
crazyflie position: [-2.5866 -0.8141  0.7548]
crazyflie position: [-2.5865 -0.8141  0.7547]
crazyflie position: [-2.5866 -0.8141  0.7548]
1press 2 button to run DEQ-MPC scenerio
2desired pos:  [-2.5539 -0.7778  1.0489] [-2.7916 -3.4969 -1.8984] [-3.0679 -3.7566 -2.6815]
desired pos:  [-2.5838 -0.7698  1.0444] [-3.0906 -3.4166 -1.944 ] [-3.2057 -3.6689 -2.6587]
desired pos:  [-2.608  -0.7719  1.0189] [-3.3325 -3.4378 -2.1989] [-3.2133 -3.6378 -2.6326]
desired pos:  [-2.5943 -0.7748  1.0138] [-3.1957 -3.4668 -2.25  ] [-3.1931 -3.5894 -2.4707]
desired pos:  [-2.5891 -0.7662  1.0083] [-3.1437 -3.3803 -2.3044] [-3.1749 -3.5166 -2.3178]
desired pos:  [-2.5964 -0.7508  0.9936] [-3.2171 -3.2268 -2.4519] [-3.1831 -3.4367 -2.3343]
desired pos:  [-2.6033 -0.7367  0.9772] [-3.2859 -3.0856 -2.6155] [-3.2117 -3.3624 -2.4361]
desired pos:  [-2.6064 -0.725   0.9715] [-3.3165 -2.9685 -2.6732] [-3.2531 -3.2991 -2.4955]
desired pos:  [-2.6046 -0.7154  0.9656] [-3.2985 -2.8726 -2.7322] [-3.2885 -3.2353 -2.5713]
desired pos:  [-2.6018 -0.7073  0.9548] [-3.271  -2.7916 -2.8397] [-3.3341 -3.1695 -2.7002]
desired pos:  [-2.5978 -0.6983  0.9434] [-3.2309 -2.7022 -2.9534] [-3.3715 -3.0826 -2.8307]
desired pos:  [-2.5935 -0.6892  0.9343] [-3.1874 -2.6103 -3.0445] [-3.3968 -2.9871 -2.9191]
desired pos:  [-2.59   -0.6803  0.926 ] [-3.1525 -2.5214 -3.1276] [-3.4259 -2.8911 -3.0078]
desired pos:  [-2.5843 -0.6747  0.9226] [-3.0956 -2.4657 -3.1616] [-3.4311 -2.8281 -3.0761]
desired pos:  [-2.5791 -0.6671  0.9181] [-3.0442 -2.3896 -3.2069] [-3.4344 -2.7478 -3.1668]
desired pos:  [-2.5749 -0.6594  0.9142] [-3.0021 -2.3125 -3.2459] [-3.4382 -2.6709 -3.2528]
desired pos:  [-2.5702 -0.6506  0.9114] [-2.9546 -2.2244 -3.2738] [-3.4291 -2.5875 -3.3305]
desired pos:  [-2.5652 -0.6413  0.9103] [-2.9047 -2.1318 -3.2843] [-3.4105 -2.5028 -3.3939]
desired pos:  [-2.5598 -0.6298  0.9094] [-2.851  -2.017  -3.2939] [-3.3815 -2.3979 -3.4567]
desired pos:  [-2.5551 -0.6203  0.9104] [-2.804  -1.9215 -3.2838] [-3.3515 -2.3124 -3.4963]
desired pos:  [-2.5501 -0.6103  0.9128] [-2.7536 -1.8222 -3.2599] [-3.3085 -2.2216 -3.5225]
desired pos:  [-2.545  -0.5989  0.9154] [-2.7031 -1.7077 -3.2342] [-3.252  -2.1126 -3.5519]
desired pos:  [-2.5432 -0.5919  0.9209] [-2.6853 -1.6374 -3.1792] [-3.1973 -2.0025 -3.5598]
desired pos:  [-2.5411 -0.5771  0.9308] [-2.6638 -1.4897 -3.0796] [-3.1431 -1.8919 -3.5498]
desired pos:  [-2.5407 -0.5656  0.9365] [-2.6594 -1.3746 -3.0227] [-3.0929 -1.7742 -3.5247]
desired pos:  [-2.5389 -0.5536  0.942 ] [-2.6418 -1.2546 -2.9681] [-3.0425 -1.6566 -3.4851]
desired pos:  [-2.5361 -0.5417  0.9464] [-2.6143 -1.1362 -2.9242] [-3.0033 -1.5392 -3.4223]
desired pos:  [-2.5322 -0.5299  0.9528] [-2.5748 -1.0174 -2.8596] [-2.9682 -1.4156 -3.3484]
desired pos:  [-2.528  -0.5202  0.9597] [-2.5332 -0.9209 -2.7906] [-2.9404 -1.3076 -3.2986]
desired pos:  [-2.5249 -0.5108  0.9649] [-2.5016 -0.8268 -2.7388] [-2.9241 -1.1987 -3.2496]
desired pos:  [-2.5217 -0.5015  0.9683] [-2.4702 -0.7335 -2.7053] [-2.9063 -1.0891 -3.2018]
desired pos:  [-2.5184 -0.4927  0.972 ] [-2.4368 -0.6462 -2.668 ] [-2.8846 -0.9833 -3.145 ]
desired pos:  [-2.5152 -0.4857  0.9755] [-2.4051 -0.5755 -2.6331] [-2.8629 -0.8902 -3.0999]
desired pos:  [-2.5132 -0.4798  0.9809] [-2.3846 -0.5164 -2.5789] [-2.8496 -0.8031 -3.047 ]
desired pos:  [-2.511  -0.4738  0.9857] [-2.3632 -0.4566 -2.5312] [-2.8311 -0.708  -3.0107]
desired pos:  [-2.5078 -0.4666  0.9908] [-2.331  -0.3845 -2.4796] [-2.7957 -0.5928 -2.9693]
desired pos:  [-2.5063 -0.4631  0.9953] [-2.3159 -0.3498 -2.4351] [-2.7673 -0.507  -2.9271]
desired pos:  [-2.5042 -0.4564  1.0012] [-2.2951 -0.2824 -2.3754] [-2.72   -0.3827 -2.859 ]
desired pos:  [-2.5027 -0.4503  1.005 ] [-2.28   -0.2219 -2.3378] [-2.6668 -0.2642 -2.7944]
desired pos:  [-2.5033 -0.4476  1.0063] [-2.2861 -0.1944 -2.3252] [-2.6257 -0.181  -2.7489]
desired pos:  [-2.5031 -0.4451  1.006 ] [-2.2842 -0.1696 -2.3274] [-2.5737 -0.1011 -2.7065]
desired pos:  [-2.5027 -0.4414  1.0051] [-2.2803 -0.1325 -2.3363] [-2.5318 -0.0222 -2.6429]
desired pos:  [-2.5014 -0.4364  1.0031] [-2.2668 -0.083  -2.3565] [-2.4908  0.0505 -2.6018]
desired pos:  [-2.4999 -0.4321  0.9997] [-2.2522 -0.0394 -2.3906] [-2.4569  0.11   -2.5943]
desired pos:  [-2.4987 -0.4283  0.998 ] [-2.2402 -0.0016 -2.4075] [-2.4455  0.1602 -2.5936]
desired pos:  [-2.4954 -0.4253  1.0005] [-2.2065  0.028  -2.3827] [-2.4432  0.1967 -2.5929]
desired pos:  [-2.4889 -0.422   1.0025] [-2.1423  0.0613 -2.3626] [-2.4419  0.2269 -2.607 ]
desired pos:  [-2.481  -0.4183  1.0038] [-2.0629  0.0986 -2.3501] [-2.4476  0.2504 -2.617 ]
desired pos:  [-2.4716 -0.4145  1.004 ] [-1.9687  0.1365 -2.3477] [-2.4512  0.2656 -2.6256]
desired pos:  [-2.4602 -0.4102  1.0048] [-1.8549  0.1788 -2.3395] [-2.4384  0.2776 -2.6191]
desired pos:  [-2.4496 -0.4054  1.0064] [-1.7489  0.2276 -2.3241] [-2.4287  0.29   -2.6022]
desired pos:  [-2.4384 -0.4006  1.0075] [-1.6366  0.2747 -2.3125] [-2.4009  0.2966 -2.5927]
desired pos:  [-2.4251 -0.3945  1.0099] [-1.5041  0.3357 -2.2889] [-2.3358  0.3155 -2.5806]
desired pos:  [-2.4147 -0.3886  1.0132] [-1.4002  0.3949 -2.2561] [-2.2786  0.3342 -2.5713]
desired pos:  [-2.4036 -0.3832  1.0184] [-1.2893  0.449  -2.2038] [-2.1924  0.3527 -2.5528]
desired pos:  [-2.3897 -0.3766  1.0252] [-1.1504  0.5149 -2.1361] [-2.0582  0.3902 -2.5285]
desired pos:  [-2.3787 -0.3706  1.0319] [-1.0399  0.5748 -2.0684] [-1.9366  0.431  -2.5102]
desired pos:  [-2.3679 -0.3656  1.0395] [-0.9315  0.6251 -1.9928] [-1.8069  0.4726 -2.4843]
desired pos:  [-2.3602 -0.3624  1.0456] [-0.8546  0.6577 -1.932 ] [-1.7053  0.5065 -2.4498]
desired pos:  [-2.3519 -0.3593  1.0484] [-0.7724  0.6884 -1.9035] [-1.6009  0.5457 -2.4085]
desired pos:  [-2.3412 -0.3554  1.0505] [-0.6651  0.7271 -1.8832] [-1.4756  0.5963 -2.3434]
desired pos:  [-2.3264 -0.3494  1.0528] [-0.517   0.7876 -1.8602] [-1.3137  0.6699 -2.2581]
desired pos:  [-2.3107 -0.3429  1.0532] [-0.3596  0.8522 -1.8557] [-1.1506  0.748  -2.1917]
desired pos:  [-2.2946 -0.3364  1.0535] [-0.1989  0.9171 -1.853 ] [-0.9893  0.8275 -2.142 ]
desired pos:  [-2.2776 -0.3309  1.0576] [-0.0293  0.9722 -1.8121] [-0.8292  0.9016 -2.0998]
desired pos:  [-2.2603 -0.3267  1.064 ] [ 0.1445  1.0146 -1.7476] [-0.6795  0.9676 -2.0748]
desired pos:  [-2.2432 -0.3234  1.0698] [ 0.3147  1.0477 -1.6901] [-0.5368  1.0252 -2.0561]
desired pos:  [-2.2293 -0.3203  1.0755] [ 0.4541  1.0783 -1.6332] [-0.4209  1.0802 -2.0336]
desired pos:  [-2.429  -0.4071  1.022 ] [-1.543   0.2103 -2.1673] [-2.4307  0.2364 -2.6099]
desired pos:  [-2.2009 -0.3145  1.0924] [ 0.7386  1.1366 -1.4638] [-0.148   1.1835 -1.9521]
desired pos:  [-2.1879 -0.3107  1.1005] [ 0.8676  1.1738 -1.3826] [-0.0026  1.2366 -1.9147]
desired pos:  [-2.186  -0.3125  1.098 ] [ 0.8872  1.1561 -1.4076] [ 0.0461  1.2324 -1.9873]
desired pos:  [-2.1928 -0.3166  1.1056] [ 0.8187  1.1147 -1.3318] [ 0.0159  1.2028 -1.9612]
desired pos:  [-2.1943 -0.3179  1.1274] [ 0.8045  1.1024 -1.114 ] [ 0.0481  1.201  -1.7823]
desired pos:  [-2.1874 -0.3163  1.1394] [ 0.8731  1.1187 -0.9942] [ 0.1624  1.2267 -1.6562]
desired pos:  [-2.1716 -0.3117  1.1426] [ 1.0311  1.1639 -0.9617] [ 0.3711  1.2818 -1.5899]
desired pos:  [-2.163  -0.3088  1.148 ] [ 1.1173  1.1934 -0.908 ] [ 0.5289  1.3253 -1.5217]
desired pos:  [-2.1512 -0.3053  1.1645] [ 1.2346  1.2278 -0.7424] [ 0.7408  1.3771 -1.3567]
desired pos:  [-2.1439 -0.3035  1.179 ] [ 1.3084  1.2462 -0.5981] [ 0.9221  1.4145 -1.2134]
desired pos:  [-2.1395 -0.3033  1.1849] [ 1.352   1.2482 -0.5391] [ 1.0655  1.4345 -1.1366]
desired pos:  [-2.1385 -0.3034  1.1861] [ 1.362   1.247  -0.5268] [ 1.1476  1.4478 -1.0751]
desired pos:  [-2.1356 -0.3038  1.1884] [ 1.3914  1.2432 -0.5041] [ 1.2241  1.4577 -0.9877]
desired pos:  [-2.1324 -0.3046  1.1916] [ 1.423   1.2353 -0.4715] [ 1.2894  1.4659 -0.8926]
desired pos:  [-2.1284 -0.3054  1.1936] [ 1.4627  1.2273 -0.4519] [ 1.3561  1.4761 -0.8069]
desired pos:  [-2.1225 -0.3054  1.1934] [ 1.5223  1.2269 -0.4542] [ 1.444   1.4953 -0.7427]
desired pos:  [-2.1182 -0.3058  1.1926] [ 1.5655  1.2233 -0.4615] [ 1.5223  1.5132 -0.6944]
desired pos:  [-2.1161 -0.307   1.1964] [ 1.5857  1.2111 -0.4236] [ 1.5919  1.5297 -0.6443]
desired pos:  [-2.1155 -0.3096  1.2015] [ 1.5925  1.1847 -0.3727] [ 1.6537  1.5328 -0.6093]
desired pos:  [-2.1128 -0.3129  1.204 ] [ 1.6195  1.1524 -0.3482] [ 1.7096  1.5283 -0.6006]
desired pos:  [-2.1108 -0.3145  1.2045] [ 1.6393  1.1362 -0.3425] [ 1.751   1.519  -0.5837]
desired pos:  [-2.1117 -0.3149  1.2078] [ 1.6301  1.1323 -0.3093] [ 1.7808  1.5051 -0.5582]
desired pos:  [-2.1137 -0.3146  1.2136] [ 1.6104  1.1349 -0.2517] [ 1.8001  1.485  -0.5311]
desired pos:  [-2.1139 -0.3148  1.2197] [ 1.6078  1.1334 -0.1906] [ 1.8105  1.4575 -0.5163]
desired pos:  [-2.1117 -0.315   1.2257] [ 1.6303  1.1314 -0.1308] [ 1.8194  1.4291 -0.4985]
desired pos:  [-2.1077 -0.316   1.2333] [ 1.6706  1.1213 -0.0544] [ 1.8323  1.3935 -0.4574]
desired pos:  [-2.1036 -0.3173  1.2374] [ 1.7108  1.1085 -0.0134] [ 1.8438  1.3623 -0.4034]
desired pos:  [-2.1009 -0.3197  1.2367] [ 1.7383  1.0845 -0.0206] [ 1.8558  1.326  -0.3564]
desired pos:  [-2.0991 -0.3225  1.2373] [ 1.7559  1.0558 -0.0147] [ 1.8694  1.2876 -0.2947]
desired pos:  [-2.0998 -0.3267  1.24  ] [1.7495 1.0138 0.0121] [ 1.8786  1.2383 -0.2251]
desired pos:  [-2.1022 -0.3316  1.2423] [1.7246 0.9649 0.0351] [ 1.8941  1.184  -0.1832]
desired pos:  [-2.1066 -0.3373  1.2427] [1.6813 0.9084 0.0388] [ 1.9145  1.1259 -0.1688]
desired pos:  [-2.1088 -0.3423  1.2429] [1.6592 0.8583 0.0417] [ 1.948   1.0765 -0.1531]
desired pos:  [-2.1093 -0.3474  1.2418] [1.6545 0.8069 0.0298] [ 1.9777  1.0286 -0.1287]
desired pos:  [-2.1084 -0.3492  1.2409] [1.6627 0.7892 0.021 ] [ 2.0131  1.0184 -0.1153]
desired pos:  [-2.1093 -0.3495  1.2429] [1.6544 0.7866 0.0414] [ 2.0391  1.0269 -0.1167]
desired pos:  [-2.112  -0.3504  1.2466] [1.627  0.7776 0.078 ] [ 2.0546  1.0307 -0.1233]
desired pos:  [-2.1168 -0.3515  1.2509] [1.5787 0.7664 0.1209] [ 2.0539  1.0337 -0.1231]
desired pos:  [-2.1225 -0.3529  1.2587] [1.5218 0.7519 0.1996] [ 2.0404  1.0374 -0.111 ]
desired pos:  [-2.1291 -0.3555  1.2691] [1.4566 0.726  0.3028] [ 2.0163  1.0338 -0.0873]
desired pos:  [-2.1336 -0.3572  1.2785] [1.4115 0.7096 0.3975] [ 1.9907  1.0316 -0.0429]
desired pos:  [-2.1374 -0.3568  1.2889] [1.3735 0.7131 0.5012] [1.9693 1.0435 0.0069]
desired pos:  [-2.1422 -0.3571  1.2986] [1.3256 0.7104 0.5985] [1.9337 1.0465 0.0689]
desired pos:  [-2.1455 -0.3558  1.3064] [1.2923 0.723  0.6762] [1.9065 1.0641 0.1351]
desired pos:  [-2.1487 -0.3557  1.3132] [1.2601 0.7244 0.7446] [1.8772 1.0698 0.1998]
desired pos:  [-2.1525 -0.3551  1.3211] [1.2225 0.7306 0.8236] [1.8401 1.0798 0.2675]
desired pos:  [-2.1563 -0.3541  1.3319] [1.1838 0.7398 0.9315] [1.7988 1.0927 0.3467]
desired pos:  [-2.1628 -0.3536  1.3461] [1.1192 0.745  1.0728] [1.7271 1.1014 0.4663]
desired pos:  [-2.167  -0.3539  1.3543] [1.0776 0.7421 1.1555] [1.6729 1.1021 0.5405]
desired pos:  [-2.1432 -0.3393  1.28  ] [1.3149 0.8881 0.4121] [ 1.8881  1.2523 -0.2356]
desired pos:  [-2.1741 -0.3543  1.3831] [1.0064 0.7386 1.4434] [1.5492 1.1078 0.7411]
desired pos:  [-2.1755 -0.355   1.3841] [0.9925 0.7315 1.4533] [1.4817 1.0882 0.8354]
desired pos:  [-2.1784 -0.3592  1.3852] [0.9627 0.6892 1.464 ] [1.4365 1.0682 0.7593]
desired pos:  [-2.1791 -0.3637  1.3935] [0.9556 0.6439 1.5472] [1.3901 1.0355 0.8261]
desired pos:  [-2.1804 -0.3709  1.4213] [0.943  0.5726 1.8248] [1.3434 0.9857 1.0897]
desired pos:  [-2.1834 -0.3751  1.424 ] [0.9134 0.5301 1.8525] [1.274  0.9194 1.2675]
desired pos:  [-2.1879 -0.39    1.4251] [0.8683 0.3816 1.8629] [1.199  0.8399 1.3384]
desired pos:  [-2.1881 -0.403   1.4168] [0.8661 0.2512 1.7803] [1.1294 0.7676 1.4721]
desired pos:  [-2.1915 -0.415   1.4034] [0.8326 0.1307 1.6464] [1.0668 0.706  1.6156]
desired pos:  [-2.197  -0.4277  1.3836] [0.7767 0.0043 1.4485] [1.0015 0.6434 1.6807]
desired pos:  [-2.2008 -0.4415  1.36  ] [ 0.7388 -0.1341  1.2118] [0.9373 0.5784 1.6618]
desired pos:  [-2.2017 -0.4569  1.3419] [ 0.7306 -0.2882  1.0314] [0.8687 0.4929 1.5977]
desired pos:  [-2.2026 -0.4707  1.3291] [ 0.7212 -0.4262  0.9032] [0.788  0.4014 1.4839]
desired pos:  [-2.2065 -0.4835  1.3153] [ 0.6821 -0.5534  0.7652] [0.706  0.2912 1.3074]
desired pos:  [-2.2147 -0.4969  1.2984] [ 0.5998 -0.6876  0.5964] [0.6109 0.1614 1.1221]
desired pos:  [-2.2181 -0.5016  1.2941] [ 0.5663 -0.7349  0.5532] [0.5194 0.0152 0.9416]
desired pos:  [-2.2261 -0.5137  1.2798] [ 0.4863 -0.8559  0.4104] [ 0.447  -0.1225  0.7835]
desired pos:  [-2.2329 -0.5226  1.263 ] [ 0.4185 -0.9444  0.2418] [ 0.3844 -0.25    0.6154]
desired pos:  [-2.2406 -0.5301  1.2485] [ 0.3413 -1.0201  0.0974] [ 0.3339 -0.3624  0.4699]
desired pos:  [-2.2491 -0.5351  1.2395] [ 0.2564 -1.0697  0.0076] [ 0.2914 -0.4479  0.376 ]
desired pos:  [-2.2574 -0.5396  1.229 ] [ 0.1728 -1.1147 -0.0981] [ 0.2572 -0.5307  0.2658]
desired pos:  [-2.2675 -0.5442  1.2161] [ 0.0719 -1.1609 -0.2268] [ 0.2076 -0.6164  0.1293]
desired pos:  [-2.2773 -0.5485  1.2046] [-0.026  -1.2042 -0.3417] [ 0.158  -0.7    -0.0028]
desired pos:  [-2.2863 -0.5529  1.1952] [-0.1162 -1.2473 -0.436 ] [ 0.1057 -0.7835 -0.1243]
desired pos:  [-2.2966 -0.5593  1.1852] [-0.2192 -1.3116 -0.5358] [ 0.0244 -0.8885 -0.2559]
desired pos:  [-2.3037 -0.5612  1.1814] [-0.2896 -1.3306 -0.5738] [-0.0402 -0.9492 -0.3232]
desired pos:  [-2.3114 -0.5648  1.172 ] [-0.3674 -1.3665 -0.6673] [-0.1223 -1.028  -0.4408]
desired pos:  [-2.317  -0.5648  1.1649] [-0.4228 -1.3672 -0.7386] [-0.1866 -1.0731 -0.5331]
desired pos:  [-2.322  -0.5645  1.1595] [-0.4725 -1.3639 -0.7928] [-0.2463 -1.1155 -0.607 ]
desired pos:  [-2.3273 -0.5644  1.1559] [-0.5259 -1.3629 -0.829 ] [-0.3111 -1.161  -0.6627]
desired pos:  [-2.333  -0.564   1.1499] [-0.5825 -1.3587 -0.8888] [-0.3834 -1.2035 -0.7427]
desired pos:  [-2.3382 -0.5637  1.1438] [-0.6351 -1.3558 -0.9495] [-0.4605 -1.2467 -0.8243]
desired pos:  [-2.3418 -0.563   1.1364] [-0.6705 -1.3483 -1.0243] [-0.5319 -1.2848 -0.92  ]
desired pos:  [-2.3424 -0.561   1.132 ] [-0.6771 -1.3283 -1.0682] [-0.5842 -1.3091 -0.9821]
desired pos:  [-2.3426 -0.5587  1.1279] [-0.6784 -1.3055 -1.109 ] [-0.633  -1.3277 -1.0324]
desired pos:  [-2.3421 -0.5564  1.1222] [-0.6744 -1.2826 -1.166 ] [-0.6687 -1.3426 -1.0908]
desired pos:  [-2.3434 -0.5539  1.1181] [-0.6868 -1.2581 -1.2068] [-0.7089 -1.3557 -1.1452]
desired pos:  [-2.3464 -0.5508  1.1145] [-0.7172 -1.227  -1.2433] [-0.753  -1.3619 -1.2091]
desired pos:  [-2.3498 -0.5478  1.1133] [-0.7508 -1.1963 -1.2546] [-0.7893 -1.366  -1.2518]
desired pos:  [-2.3525 -0.5445  1.1117] [-0.778  -1.1641 -1.2705] [-0.8165 -1.3645 -1.2923]
desired pos:  [-2.3538 -0.5409  1.1085] [-0.7912 -1.1279 -1.3032] [-0.8313 -1.3544 -1.3427]
desired pos:  [-2.355  -0.5376  1.1081] [-0.8032 -1.0947 -1.3072] [-0.8475 -1.3448 -1.3729]
desired pos:  [-2.3558 -0.5345  1.1098] [-0.8111 -1.0634 -1.2893] [-0.8619 -1.3338 -1.3894]
desired pos:  [-2.3567 -0.5305  1.1123] [-0.8196 -1.0235 -1.2644] [-0.8784 -1.3113 -1.4096]
desired pos:  [-2.3568 -0.5262  1.1153] [-0.8206 -0.9803 -1.2348] [-0.8884 -1.2821 -1.4327]
desired pos:  [-2.3569 -0.522   1.1196] [-0.8222 -0.9389 -1.1917] [-0.8988 -1.2511 -1.444 ]
desired pos:  [-2.3584 -0.5184  1.1261] [-0.8371 -0.9025 -1.1272] [-0.922  -1.2214 -1.4353]
desired pos:  [-2.3587 -0.5146  1.1324] [-0.8402 -0.8648 -1.0636] [-0.9318 -1.1871 -1.4249]
desired pos:  [-2.36   -0.5103  1.1382] [-0.8529 -0.8222 -1.006 ] [-0.9495 -1.1448 -1.4059]
desired pos:  [-2.3611 -0.5061  1.1424] [-0.8641 -0.78   -0.964 ] [-0.9638 -1.1003 -1.3792]
desired pos:  [-2.3628 -0.5024  1.1458] [-0.8811 -0.7431 -0.9303] [-0.9826 -1.0591 -1.3373]
desired pos:  [-2.3637 -0.4986  1.1484] [-0.8894 -0.7053 -0.9039] [-0.9921 -1.0152 -1.2883]
desired pos:  [-2.3645 -0.4958  1.1508] [-0.8978 -0.6771 -0.8796] [-1.0015 -0.9795 -1.2344]
desired pos:  [-2.3636 -0.4929  1.151 ] [-0.8886 -0.6477 -0.8779] [-0.9933 -0.9412 -1.1985]
desired pos:  [-2.3635 -0.4909  1.1513] [-0.8875 -0.628  -0.8746] [-0.9929 -0.9114 -1.1549]
desired pos:  [-2.3631 -0.4899  1.151 ] [-0.8839 -0.6183 -0.8775] [-0.9902 -0.8901 -1.1168]
desired pos:  [-2.3635 -0.4888  1.1515] [-0.8881 -0.6065 -0.8731] [-0.9952 -0.8648 -1.0817]
desired pos:  [-2.3636 -0.4879  1.1521] [-0.8894 -0.5982 -0.8664] [-0.9971 -0.8405 -1.0583]
desired pos:  [-2.3191 -0.5345  1.159 ] [-0.4443 -1.0636 -0.7975] [-0.5519 -1.2908 -0.954 ]
desired pos:  [-2.3631 -0.484   1.145 ] [-0.8842 -0.5591 -0.938 ] [-0.99   -0.7717 -1.0469]
desired pos:  [-2.3623 -0.4812  1.1402] [-0.876  -0.5305 -0.9861] [-0.9792 -0.7287 -1.0471]
desired pos:  [-2.3603 -0.4805  1.1374] [-0.8562 -0.5238 -1.014 ] [-0.9567 -0.7081 -1.023 ]
desired pos:  [-2.3562 -0.4799  1.1333] [-0.8153 -0.5181 -1.0551] [-0.9131 -0.6866 -1.0336]
desired pos:  [-2.3442 -0.5497  1.1093] [-0.6953 -1.2159 -1.2949] [-0.7913 -1.3659 -1.2778]
desired pos:  [-2.3522 -0.4777  1.1259] [-0.7747 -0.4954 -1.1283] [-0.8698 -0.6288 -1.1106]
desired pos:  [-2.351  -0.4743  1.1192] [-0.7628 -0.4616 -1.1954] [-0.8584 -0.5817 -1.1629]
desired pos:  [-2.3498 -0.4718  1.1124] [-0.7506 -0.4371 -1.2637] [-0.8519 -0.5431 -1.2499]
desired pos:  [-2.3471 -0.4711  1.1113] [-0.7244 -0.4295 -1.2747] [-0.84   -0.5206 -1.304 ]
desired pos:  [-2.3441 -0.4702  1.115 ] [-0.6938 -0.4208 -1.2383] [-0.8342 -0.4967 -1.3164]
desired pos:  [-2.3388 -0.4674  1.116 ] [-0.6412 -0.3929 -1.2275] [-0.8153 -0.4531 -1.3481]
desired pos:  [-2.332  -0.4627  1.1128] [-0.5727 -0.3459 -1.2595] [-0.7819 -0.3898 -1.4028]
desired pos:  [-2.3259 -0.4565  1.1088] [-0.5124 -0.2836 -1.2993] [-0.7457 -0.3128 -1.4168]
desired pos:  [-2.3199 -0.4495  1.1034] [-0.4514 -0.2135 -1.3537] [-0.6969 -0.2292 -1.4116]
desired pos:  [-2.3156 -0.4447  1.0972] [-0.4089 -0.1655 -1.4162] [-0.6599 -0.1673 -1.4136]
desired pos:  [-2.3102 -0.4399  1.0891] [-0.3547 -0.1177 -1.4972] [-0.6087 -0.1057 -1.4362]
desired pos:  [-2.3071 -0.4377  1.0853] [-0.3236 -0.0955 -1.5347] [-0.5779 -0.0663 -1.4595]
desired pos:  [-2.3033 -0.4354  1.0856] [-0.2859 -0.0724 -1.5314] [-0.5391 -0.0217 -1.4961]
desired pos:  [-2.2994 -0.4321  1.085 ] [-0.2468 -0.0395 -1.5373] [-0.4985  0.0324 -1.5519]
desired pos:  [-2.2964 -0.4306  1.0855] [-0.2171 -0.0249 -1.533 ] [-0.468   0.0672 -1.5975]
desired pos:  [-2.2938 -0.4295  1.0876] [-0.1905 -0.0137 -1.5121] [-0.4427  0.0975 -1.6251]
desired pos:  [-2.2912 -0.4282  1.0901] [-0.1653 -0.0012 -1.4867] [-0.4199  0.1282 -1.6486]
press 3 button to land
[-2.3123 -0.4116  1.0718]
[-2.3822 -0.4418  0.4783]
