Warning: No joystick found!
crazyflie id: 1
100000000.0 8
loading model :  deq-mpc-nn_FlyingCartpole_obstacles_lr1e3_ineqfix_innerdeqinpGN_andersongoodgradlast_phontom3ReLU_03sdata_qpsolve_gradclip2_noemb_Q10-10-80-1-1R1e8_constraintexps_ub03obsr04_T5_bsz200_deq_iter6_hdim1024_valfrac1.0
press 1 button to takeoff
crazyflie position: [-2.4366 -0.7933  0.7537]
crazyflie position: [-2.4366 -0.7933  0.7537]
crazyflie position: [-2.4367 -0.7933  0.7537]
crazyflie position: [-2.4366 -0.7933  0.7537]
crazyflie position: [-2.4366 -0.7933  0.7537]
crazyflie position: [-2.4366 -0.7933  0.7537]
crazyflie position: [-2.4366 -0.7933  0.7537]
crazyflie position: [-2.4367 -0.7934  0.7537]
crazyflie position: [-2.4366 -0.7933  0.7537]
crazyflie position: [-2.4366 -0.7933  0.7537]
crazyflie position: [-2.4366 -0.7934  0.7537]
crazyflie position: [-2.4366 -0.7933  0.7537]
1press 2 button to run DEQ-MPC scenerio
2desired pos:  [-2.4403 -0.7939  0.9743] [-3.6815 -4.5073 -3.1964] [-3.6815 -4.508  -3.2178]
desired pos:  [-2.4532 -0.7878  0.9787] [-3.811  -4.4466 -3.1529] [-3.8107 -4.4556 -3.2215]
desired pos:  [-2.4537 -0.7861  0.9831] [-3.8157 -4.4293 -3.1085] [-3.8202 -4.4599 -3.2253]
desired pos:  [-2.453  -0.7832  0.981 ] [-3.8091 -4.4002 -3.1301] [-3.8288 -4.4621 -3.2869]
desired pos:  [-2.4517 -0.7795  0.9777] [-3.7961 -4.3632 -3.1632] [-3.8407 -4.4626 -3.351 ]
desired pos:  [-2.45   -0.7753  0.9774] [-3.7791 -4.3218 -3.1657] [-3.8574 -4.4615 -3.38  ]
desired pos:  [-2.448  -0.7703  0.9807] [-3.7592 -4.2716 -3.1327] [-3.8811 -4.4515 -3.3723]
desired pos:  [-2.445  -0.7655  0.9832] [-3.7294 -4.2238 -3.108 ] [-3.9063 -4.4416 -3.3724]
desired pos:  [-2.4397 -0.7606  0.9833] [-3.6759 -4.1745 -3.1072] [-3.9197 -4.4262 -3.394 ]
desired pos:  [-2.433  -0.7564  0.9828] [-3.6091 -4.132  -3.1119] [-3.9313 -4.4142 -3.4173]
desired pos:  [-2.4251 -0.7515  0.9832] [-3.5295 -4.0839 -3.1082] [-3.9403 -4.3947 -3.4275]
desired pos:  [-2.415  -0.7464  0.985 ] [-3.4285 -4.0324 -3.0896] [-3.936  -4.372  -3.4172]
desired pos:  [-2.4031 -0.7395  0.9884] [-3.3098 -3.963  -3.0561] [-3.9195 -4.3333 -3.3856]
desired pos:  [-2.3893 -0.7318  0.989 ] [-3.1724 -3.8864 -3.0497] [-3.8868 -4.289  -3.3768]
desired pos:  [-2.3725 -0.7231  0.9864] [-3.0041 -3.7995 -3.0755] [-3.8221 -4.2373 -3.3868]
desired pos:  [-2.3563 -0.7154  0.9861] [-2.8416 -3.7222 -3.0787] [-3.7607 -4.1956 -3.3783]
desired pos:  [-2.339  -0.7074  0.9882] [-2.6689 -3.6423 -3.0575] [-3.6846 -4.1518 -3.3539]
desired pos:  [-2.3191 -0.6981  0.9909] [-2.4701 -3.5499 -3.0309] [-3.5728 -4.0947 -3.331 ]
desired pos:  [-2.2998 -0.6888  0.9916] [-2.277  -3.4567 -3.0243] [-3.4492 -4.035  -3.335 ]
desired pos:  [-2.2807 -0.6793  0.9948] [-2.0862 -3.3617 -2.9918] [-3.304  -3.9711 -3.3328]
desired pos:  [-2.2697 -0.6728  0.9989] [-1.9756 -3.2968 -2.951 ] [-3.1475 -3.9033 -3.3084]
desired pos:  [-2.2483 -0.6589  1.0051] [-1.7617 -3.1576 -2.8885] [-2.9686 -3.8232 -3.282 ]
desired pos:  [-2.2325 -0.647   1.0013] [-1.6041 -3.0388 -2.927 ] [-2.7729 -3.7312 -3.2616]
desired pos:  [-2.2136 -0.6339  0.9964] [-1.4153 -2.9072 -2.9762] [-2.5588 -3.6235 -3.2373]
desired pos:  [-2.1953 -0.6201  0.9974] [-1.232  -2.7696 -2.9661] [-2.3496 -3.512  -3.2026]
desired pos:  [-2.1774 -0.6061  1.0017] [-1.0526 -2.6297 -2.9229] [-2.1456 -3.3946 -3.1913]
desired pos:  [-2.1589 -0.5928  1.0044] [-0.8678 -2.4962 -2.8958] [-1.9434 -3.2718 -3.2041]
desired pos:  [-2.1451 -0.5829  1.0075] [-0.7302 -2.3972 -2.8646] [-1.7937 -3.174  -3.2165]
desired pos:  [-2.1355 -0.5765  1.0128] [-0.6338 -2.3339 -2.812 ] [-1.6891 -3.1049 -3.2111]
desired pos:  [-2.1242 -0.5707  1.0194] [-0.5205 -2.2752 -2.7457] [-1.5708 -3.0345 -3.1946]
desired pos:  [-2.1101 -0.5631  1.0278] [-0.3804 -2.199  -2.6619] [-1.4268 -2.9417 -3.1622]
desired pos:  [-2.0958 -0.5559  1.0368] [-0.2371 -2.127  -2.5715] [-1.2773 -2.8489 -3.1203]
desired pos:  [-2.0779 -0.5469  1.0466] [-0.0583 -2.0373 -2.4741] [-1.0863 -2.7348 -3.0651]
desired pos:  [-2.0685 -0.543   1.0547] [ 0.0359 -1.998  -2.3928] [-0.9713 -2.6676 -3.0221]
desired pos:  [-2.0594 -0.539   1.0636] [ 0.1268 -1.9581 -2.3034] [-0.85   -2.5971 -2.97  ]
desired pos:  [-2.0514 -0.5354  1.0732] [ 0.2074 -1.9224 -2.2074] [-0.7319 -2.5305 -2.9102]
desired pos:  [-2.0408 -0.5297  1.0858] [ 0.3126 -1.8651 -2.0819] [-0.5884 -2.4465 -2.8155]
desired pos:  [-2.0287 -0.5224  1.0984] [ 0.4337 -1.7926 -1.9559] [-0.4349 -2.3547 -2.7137]
desired pos:  [-2.0168 -0.515   1.1123] [ 0.5533 -1.7182 -1.8172] [-0.2904 -2.2678 -2.6128]
desired pos:  [-2.0016 -0.5054  1.1298] [ 0.7046 -1.6223 -1.6421] [-0.1228 -2.1654 -2.4895]
desired pos:  [-1.989  -0.4975  1.1461] [ 0.8314 -1.5433 -1.4791] [ 0.0101 -2.0837 -2.3774]
desired pos:  [-1.9758 -0.4894  1.164 ] [ 0.9631 -1.4624 -1.2994] [ 0.1369 -2.0001 -2.2513]
desired pos:  [-1.9588 -0.4788  1.186 ] [ 1.1329 -1.3562 -1.0798] [ 0.289  -1.8882 -2.0854]
desired pos:  [-1.9464 -0.4712  1.1958] [ 1.2567 -1.2803 -0.9822] [ 0.4295 -1.7857 -1.912 ]
desired pos:  [-1.9263 -0.4596  1.2131] [ 1.4583 -1.1641 -0.8087] [ 0.5749 -1.6774 -1.7309]
desired pos:  [-1.9117 -0.4511  1.2282] [ 1.6042 -1.0796 -0.6577] [ 0.7189 -1.5751 -1.548 ]
desired pos:  [-1.8986 -0.4414  1.2402] [ 1.7349 -0.982  -0.5378] [ 0.8821 -1.4596 -1.372 ]
desired pos:  [-1.8871 -0.4319  1.2498] [ 1.8501 -0.8877 -0.4422] [ 1.0485 -1.3476 -1.2094]
desired pos:  [-1.8779 -0.4238  1.2609] [ 1.9425 -0.8069 -0.3311] [ 1.2093 -1.2437 -1.0611]
desired pos:  [-1.869  -0.4157  1.277 ] [ 2.0314 -0.7259 -0.1701] [ 1.3859 -1.1316 -0.9026]
desired pos:  [-1.8657 -0.4121  1.2857] [ 2.064  -0.6896 -0.0831] [ 1.5039 -1.0648 -0.8045]
desired pos:  [-1.8631 -0.4088  1.2899] [ 2.09   -0.656  -0.0405] [ 1.6108 -1.0041 -0.7269]
desired pos:  [-1.8612 -0.4057  1.2939] [ 2.1086 -0.6252 -0.0005] [ 1.7081 -0.9503 -0.6326]
desired pos:  [-1.8585 -0.4015  1.2978] [ 2.1355 -0.5835  0.038 ] [ 1.8157 -0.8888 -0.5324]
desired pos:  [-1.8576 -0.397   1.3022] [ 2.1452 -0.5383  0.0822] [ 1.9124 -0.8252 -0.4353]
desired pos:  [-1.8578 -0.3944  1.3077] [ 2.1434 -0.512   0.1368] [ 1.9984 -0.7796 -0.3398]
desired pos:  [-1.8578 -0.3915  1.3112] [ 2.1429 -0.4833  0.1723] [ 2.0792 -0.7278 -0.272 ]
desired pos:  [-1.8582 -0.3894  1.314 ] [ 2.1395 -0.4626  0.2   ] [ 2.153  -0.6785 -0.2203]
desired pos:  [-1.8591 -0.3877  1.3154] [ 2.1302 -0.4459  0.2144] [ 2.2188 -0.6294 -0.1851]
desired pos:  [-1.8612 -0.3869  1.3178] [ 2.1092 -0.4374  0.238 ] [ 2.2696 -0.5876 -0.1381]
desired pos:  [-1.8635 -0.3871  1.3201] [ 2.0857 -0.4397  0.261 ] [ 2.3151 -0.556  -0.0903]
desired pos:  [-1.866  -0.3865  1.3228] [ 2.061  -0.4337  0.2886] [ 2.3572 -0.5163 -0.0391]
desired pos:  [-1.8699 -0.3868  1.3255] [ 2.0217 -0.4368  0.3148] [ 2.383  -0.4864  0.0071]
desired pos:  [-1.8744 -0.3871  1.3268] [ 1.9774 -0.4394  0.328 ] [ 2.4012 -0.4575  0.0355]
desired pos:  [-1.8792 -0.3875  1.3274] [ 1.9292 -0.4439  0.3344] [ 2.4112 -0.433   0.0534]
desired pos:  [-1.8842 -0.388   1.3283] [ 1.8789 -0.4484  0.343 ] [ 2.4137 -0.4115  0.0682]
desired pos:  [-1.8888 -0.3871  1.3304] [ 1.8326 -0.4392  0.3639] [ 2.4144 -0.3791  0.09  ]
desired pos:  [-1.8942 -0.3882  1.3328] [ 1.7795 -0.4507  0.3878] [ 2.4007 -0.3708  0.1163]
desired pos:  [-1.8992 -0.3881  1.3344] [ 1.7294 -0.4491  0.4047] [ 2.3817 -0.3526  0.1396]
desired pos:  [-1.9037 -0.388   1.335 ] [ 1.6844 -0.4484  0.4104] [ 2.3599 -0.3384  0.1567]
desired pos:  [-1.9078 -0.3876  1.3342] [ 1.6428 -0.4441  0.4022] [ 2.3328 -0.3238  0.1711]
desired pos:  [-1.9118 -0.3874  1.3311] [ 1.6027 -0.4424  0.3713] [ 2.2993 -0.3149  0.1773]
desired pos:  [-1.9152 -0.3858  1.3277] [ 1.569  -0.4263  0.3376] [ 2.265  -0.2944  0.1957]
desired pos:  [-1.9194 -0.3836  1.324 ] [ 1.5272 -0.4044  0.3003] [ 2.2156 -0.2706  0.2154]
desired pos:  [-1.925  -0.3809  1.3207] [ 1.471  -0.3773  0.2672] [ 2.1455 -0.2433  0.2312]
desired pos:  [-1.9293 -0.3778  1.3176] [ 1.4285 -0.3464  0.236 ] [ 2.0766 -0.2138  0.2133]
desired pos:  [-1.931  -0.3752  1.3165] [ 1.4107 -0.3203  0.2248] [ 2.02   -0.1906  0.1837]
desired pos:  [-1.9308 -0.3719  1.3163] [ 1.4131 -0.2878  0.2234] [ 1.9768 -0.1618  0.1658]
desired pos:  [-1.9299 -0.3686  1.3152] [ 1.422  -0.2541  0.2126] [ 1.9347 -0.1322  0.1393]
desired pos:  [-1.929  -0.3663  1.3168] [ 1.4313 -0.2313  0.228 ] [ 1.8888 -0.1137  0.1361]
desired pos:  [-1.928  -0.364   1.3175] [ 1.4415 -0.2089  0.2347] [ 1.8427 -0.0957  0.1221]
desired pos:  [-1.9272 -0.3611  1.3181] [ 1.4486 -0.1794  0.2416] [ 1.7969 -0.0709  0.1088]
desired pos:  [-1.9267 -0.358   1.3186] [ 1.4544 -0.1487  0.2461] [ 1.7576 -0.045   0.0955]
desired pos:  [-1.9269 -0.3542  1.32  ] [ 1.4524 -0.1105  0.2599] [ 1.7214 -0.012   0.0907]
desired pos:  [-1.9281 -0.351   1.3223] [ 1.4398 -0.078   0.2829] [1.6877 0.0145 0.0909]
desired pos:  [-1.9309 -0.3465  1.3246] [ 1.4117 -0.0338  0.3061] [1.6526 0.0521 0.0946]
desired pos:  [-1.9339 -0.3407  1.3239] [1.382  0.025  0.2988] [1.6266 0.1051 0.0999]
desired pos:  [-1.9363 -0.3355  1.3198] [1.3583 0.0763 0.2578] [1.6106 0.1522 0.106 ]
desired pos:  [-1.9377 -0.3288  1.3152] [1.3443 0.1436 0.2125] [1.6035 0.2169 0.1175]
desired pos:  [-1.9383 -0.323   1.3104] [1.3378 0.2019 0.1642] [1.5997 0.2745 0.1267]
desired pos:  [-1.938  -0.3159  1.305 ] [1.3412 0.2722 0.1098] [1.6004 0.3465 0.1283]
desired pos:  [-1.9375 -0.3106  1.2984] [1.3456 0.326  0.0447] [1.5964 0.4049 0.1053]
desired pos:  [-1.9374 -0.3042  1.2926] [ 1.3468  0.3893 -0.0143] [1.5865 0.4767 0.0615]
desired pos:  [-1.9378 -0.3006  1.2887] [ 1.3429  0.4256 -0.0525] [1.5786 0.5246 0.0347]
desired pos:  [-1.9404 -0.2962  1.2848] [ 1.3169  0.4697 -0.0919] [ 1.5684  0.5861 -0.0114]
desired pos:  [-1.9461 -0.2953  1.2852] [ 1.2599  0.4786 -0.0875] [ 1.5496  0.6188 -0.0445]
desired pos:  [-1.9541 -0.2914  1.2819] [ 1.1803  0.5172 -0.1212] [ 1.5256  0.6834 -0.1056]
desired pos:  [-1.9604 -0.2895  1.2785] [ 1.1166  0.5368 -0.1551] [ 1.5094  0.7265 -0.1513]
desired pos:  [-1.9669 -0.2864  1.2732] [ 1.0523  0.5679 -0.2074] [ 1.4766  0.7793 -0.2068]
desired pos:  [-1.9708 -0.2845  1.273 ] [ 1.0131  0.5862 -0.2095] [ 1.4545  0.8207 -0.2316]
desired pos:  [-1.9744 -0.2834  1.275 ] [ 0.9767  0.598  -0.1901] [ 1.4267  0.856  -0.2555]
desired pos:  [-1.9798 -0.2792  1.2754] [ 0.9234  0.6392 -0.1857] [ 1.3773  0.918  -0.3026]
desired pos:  [-1.9834 -0.2773  1.2788] [ 0.887   0.659  -0.1513] [ 1.3417  0.9544 -0.3203]
desired pos:  [-1.9894 -0.2723  1.282 ] [ 0.8274  0.7083 -0.1199] [ 1.2833  1.0164 -0.3426]
desired pos:  [-1.9966 -0.2674  1.288 ] [ 0.7549  0.7576 -0.0603] [ 1.2153  1.0752 -0.335 ]
desired pos:  [-2.0045 -0.2633  1.2955] [0.6755 0.7987 0.0149] [ 1.1479  1.1241 -0.3093]
desired pos:  [-2.0136 -0.2598  1.3029] [0.5848 0.8333 0.0893] [ 1.0778  1.1676 -0.2874]
desired pos:  [-2.022  -0.258   1.3114] [0.5014 0.8515 0.1741] [ 1.0137  1.1996 -0.2661]
desired pos:  [-2.0309 -0.2546  1.3232] [0.4125 0.8857 0.2925] [ 0.9616  1.2439 -0.2225]
desired pos:  [-2.0388 -0.2524  1.3362] [0.3328 0.9078 0.4218] [ 0.8995  1.2736 -0.1381]
desired pos:  [-2.0457 -0.248   1.3498] [0.2645 0.9513 0.5587] [ 0.8372  1.319  -0.047 ]
desired pos:  [-2.0517 -0.2447  1.3632] [0.204  0.9841 0.6921] [0.7685 1.3509 0.0413]
desired pos:  [-2.0569 -0.2414  1.3743] [0.1517 1.0171 0.8027] [0.6912 1.3822 0.14  ]
desired pos:  [-2.0607 -0.2374  1.3862] [0.114  1.0571 0.9223] [0.6166 1.4176 0.2668]
desired pos:  [-2.0617 -0.2347  1.3987] [0.1036 1.085  1.0468] [0.5532 1.4363 0.3847]
desired pos:  [-2.0613 -0.2317  1.4114] [0.1085 1.1141 1.1742] [0.4915 1.4518 0.4991]
desired pos:  [-2.058  -0.2286  1.4193] [0.1415 1.1454 1.2536] [0.4481 1.4668 0.5708]
desired pos:  [-1.9363 -0.3208  1.3653] [1.3581 0.2237 0.7131] [1.5811 0.527  0.0295]
desired pos:  [-2.057  -0.2217  1.4419] [0.1512 1.2146 1.4789] [0.304  1.5009 0.8341]
desired pos:  [-2.0549 -0.2184  1.4461] [0.1719 1.2474 1.5217] [0.2698 1.518  0.9501]
desired pos:  [-2.0486 -0.2203  1.4408] [0.2348 1.2286 1.4681] [0.2786 1.4835 0.9673]
desired pos:  [-2.0393 -0.2234  1.4308] [0.3285 1.1976 1.3685] [0.3242 1.4384 0.9365]
desired pos:  [-2.0327 -0.224   1.4262] [0.3945 1.1915 1.3224] [0.3519 1.4212 0.9567]
desired pos:  [-2.0301 -0.2236  1.4326] [0.4197 1.1953 1.3864] [0.3507 1.4152 1.0761]
desired pos:  [-2.032  -0.22    1.4386] [0.4011 1.2311 1.4457] [0.3226 1.4447 1.1918]
desired pos:  [-2.0364 -0.2154  1.4349] [0.3569 1.2776 1.409 ] [0.2868 1.4877 1.2095]
desired pos:  [-2.0423 -0.2106  1.4339] [0.2977 1.3255 1.3989] [0.2617 1.5349 1.2054]
desired pos:  [-2.0483 -0.2072  1.4431] [0.2383 1.36   1.4913] [0.256  1.5734 1.2568]
desired pos:  [-2.0542 -0.2047  1.453 ] [0.1789 1.385  1.5897] [0.2511 1.6083 1.3108]
desired pos:  [-2.0576 -0.2047  1.458 ] [0.145  1.385  1.6401] [0.2686 1.6238 1.3175]
desired pos:  [-2.0614 -0.2052  1.4612] [0.107  1.38   1.6721] [0.2768 1.6379 1.308 ]
desired pos:  [-2.0672 -0.2064  1.4694] [0.0489 1.3674 1.7541] [0.258  1.6463 1.3494]
desired pos:  [-2.0721 -0.2067  1.4801] [0.     1.3648 1.8614] [0.2378 1.6642 1.4284]
desired pos:  [-2.075  -0.207   1.4841] [-0.0289  1.3613  1.9009] [0.2224 1.6778 1.486 ]
desired pos:  [-2.0792 -0.2087  1.4829] [-0.0706  1.3442  1.8894] [0.1805 1.6764 1.5202]
desired pos:  [-2.0835 -0.2091  1.4855] [-0.1139  1.3407  1.9151] [0.1246 1.6908 1.5883]
desired pos:  [-2.0861 -0.2115  1.4877] [-0.1396  1.317   1.9373] [0.0765 1.6854 1.6685]
desired pos:  [-2.0873 -0.2116  1.4839] [-0.1519  1.3157  1.8992] [0.0354 1.7026 1.701 ]
desired pos:  [-2.0876 -0.214   1.4783] [-0.1548  1.291   1.8432] [-0.0011  1.6978  1.7151]
desired pos:  [-2.088  -0.2153  1.4709] [-0.1586  1.2789  1.769 ] [-0.0385  1.7057  1.7115]
desired pos:  [-2.0907 -0.218   1.4674] [-0.1855  1.2517  1.734 ] [-0.0967  1.7     1.7303]
desired pos:  [-2.0946 -0.2222  1.4682] [-0.2247  1.2093  1.7419] [-0.1648  1.6835  1.7334]
desired pos:  [-2.0985 -0.2284  1.4685] [-0.2635  1.1474  1.7455] [-0.2205  1.6459  1.6939]
desired pos:  [-2.1063 -0.2333  1.4694] [-0.3421  1.0989  1.754 ] [-0.2945  1.6102  1.6582]
desired pos:  [-2.1167 -0.2371  1.4689] [-0.4456  1.0602  1.7489] [-0.3785  1.5703  1.6304]
desired pos:  [-2.1254 -0.2397  1.4665] [-0.5325  1.0348  1.7251] [-0.4456  1.535   1.6337]
desired pos:  [-2.1331 -0.2421  1.4611] [-0.61    1.0103  1.671 ] [-0.5065  1.4966  1.6386]
desired pos:  [-2.1407 -0.2424  1.4532] [-0.6863  1.0077  1.5918] [-0.5686  1.4767  1.6244]
desired pos:  [-2.1473 -0.2431  1.445 ] [-0.7521  1.0009  1.5101] [-0.6225  1.4499  1.6066]
desired pos:  [-2.1542 -0.2437  1.4355] [-0.8215  0.9945  1.4155] [-0.6831  1.4219  1.5748]
desired pos:  [-2.161  -0.2438  1.4265] [-0.8893  0.993   1.3249] [-0.7461  1.3988  1.5506]
desired pos:  [-2.1691 -0.247   1.4135] [-0.9697  0.9612  1.1952] [-0.8257  1.3451  1.4858]
desired pos:  [-2.1773 -0.2493  1.3985] [-1.0516  0.9389  1.0448] [-0.911   1.3013  1.3979]
desired pos:  [-2.1824 -0.2502  1.3855] [-1.1033  0.93    0.9149] [-0.9692  1.2724  1.3327]
desired pos:  [-2.1877 -0.2506  1.3759] [-1.1561  0.9255  0.8196] [-1.0333  1.2454  1.2723]
desired pos:  [-2.1953 -0.251   1.3658] [-1.2323  0.9217  0.7178] [-1.1276  1.2149  1.1509]
desired pos:  [-2.2005 -0.2521  1.3534] [-1.2843  0.9108  0.5939] [-1.2013  1.178   0.9808]
desired pos:  [-2.2035 -0.2515  1.3484] [-1.3141  0.9168  0.5439] [-1.2528  1.1625  0.8808]
desired pos:  [-2.2081 -0.2519  1.3414] [-1.3603  0.9121  0.4746] [-1.3199  1.141   0.7584]
desired pos:  [-2.211  -0.2522  1.3383] [-1.389   0.9096  0.4432] [-1.3681  1.1264  0.6718]
desired pos:  [-2.2142 -0.2521  1.3355] [-1.4209  0.9104  0.4147] [-1.4184  1.1194  0.5875]
desired pos:  [-2.2182 -0.2534  1.3333] [-1.4607  0.8972  0.3933] [-1.4762  1.1011  0.5102]
desired pos:  [-2.2212 -0.2553  1.3302] [-1.4906  0.8783  0.3621] [-1.525   1.0789  0.4233]
desired pos:  [-2.2238 -0.2566  1.328 ] [-1.5172  0.8655  0.3401] [-1.5718  1.0636  0.3473]
desired pos:  [-2.2262 -0.2588  1.3272] [-1.5413  0.8434  0.3318] [-1.6171  1.0395  0.2896]
desired pos:  [-2.2283 -0.2614  1.3278] [-1.5616  0.8176  0.3383] [-1.6588  1.0116  0.2532]
desired pos:  [-2.2303 -0.2637  1.329 ] [-1.5816  0.7946  0.3497] [-1.6993  0.9861  0.229 ]
desired pos:  [-2.2313 -0.2672  1.33  ] [-1.5918  0.7594  0.3598] [-1.7285  0.9475  0.2073]
desired pos:  [-2.2319 -0.2699  1.3301] [-1.5977  0.7328  0.3611] [-1.752   0.9162  0.175 ]
desired pos:  [-2.2324 -0.2728  1.3314] [-1.6035  0.7039  0.3743] [-1.7734  0.8811  0.1546]
desired pos:  [-2.2328 -0.275   1.3333] [-1.6066  0.6812  0.3929] [-1.7899  0.8508  0.1442]
desired pos:  [-2.2325 -0.2777  1.3359] [-1.6042  0.6547  0.4193] [-1.7989  0.8152  0.1449]
desired pos:  [-2.2331 -0.2801  1.3396] [-1.61    0.6304  0.456 ] [-1.8144  0.7807  0.1599]
desired pos:  [-2.2327 -0.2834  1.3435] [-1.6055  0.5977  0.4952] [-1.8185  0.7371  0.181 ]
desired pos:  [-2.2323 -0.2858  1.3466] [-1.6018  0.5734  0.5258] [-1.8231  0.7012  0.1927]
desired pos:  [-2.2317 -0.2878  1.3503] [-1.5957  0.5533  0.5631] [-1.8258  0.6695  0.2131]
desired pos:  [-2.2312 -0.2893  1.3538] [-1.5907  0.5381  0.5985] [-1.8303  0.6436  0.2418]
desired pos:  [-2.2308 -0.2905  1.3565] [-1.587   0.5268  0.6252] [-1.8372  0.623   0.2717]
desired pos:  [-2.2297 -0.2913  1.3587] [-1.5762  0.5181  0.6475] [-1.8383  0.6069  0.3057]
desired pos:  [-2.2281 -0.2934  1.3603] [-1.5603  0.4977  0.6633] [-1.8361  0.5814  0.3399]
desired pos:  [-2.2265 -0.2945  1.3619] [-1.5438  0.4862  0.6787] [-1.8348  0.567   0.3794]
desired pos:  [-2.2242 -0.2961  1.3623] [-1.5207  0.4708  0.6828] [-1.8285  0.5513  0.4102]
desired pos:  [-2.2218 -0.2971  1.362 ] [-1.4971  0.4608  0.68  ] [-1.8234  0.5432  0.4295]
desired pos:  [-2.22   -0.2996  1.3631] [-1.479   0.4356  0.6914] [-1.8249  0.5218  0.4558]
desired pos:  [-2.2169 -0.3011  1.3649] [-1.4476  0.4207  0.7087] [-1.8133  0.5124  0.4774]
desired pos:  [-2.2153 -0.3038  1.3678] [-1.4317  0.3933  0.7383] [-1.816   0.4912  0.5003]
desired pos:  [-2.2118 -0.3063  1.3701] [-1.397   0.3683  0.7611] [-1.7969  0.4722  0.5105]
desired pos:  [-2.2098 -0.3092  1.3726] [-1.3775  0.3393  0.7866] [-1.7883  0.4479  0.5243]
desired pos:  [-2.208  -0.3109  1.3744] [-1.3594  0.3227  0.8046] [-1.7761  0.4337  0.5352]
desired pos:  [-2.2071 -0.3128  1.3766] [-1.3503  0.3031  0.8263] [-1.7681  0.4138  0.5558]
desired pos:  [-2.206  -0.3132  1.3778] [-1.3385  0.2998  0.8379] [-1.7539  0.4075  0.573 ]
desired pos:  [-2.2041 -0.3136  1.3776] [-1.3198  0.2954  0.8363] [-1.7314  0.3978  0.5904]
desired pos:  [-2.2024 -0.3141  1.3755] [-1.3032  0.2908  0.8155] [-1.7124  0.3868  0.6109]
desired pos:  [-2.1817 -0.243   1.3531] [-1.0963  1.0015  0.5912] [-1.5065  1.0907  0.4337]
desired pos:  [-2.1968 -0.3142  1.368 ] [-1.2465  0.2891  0.74  ] [-1.6628  0.3728  0.6333]
desired pos:  [-2.1928 -0.3155  1.3636] [-1.2073  0.2766  0.6964] [-1.6358  0.3577  0.6458]
desired pos:  [-2.1855 -0.3152  1.3533] [-1.1343  0.2799  0.5929] [-1.578   0.3609  0.5986]
desired pos:  [-2.1786 -0.3135  1.3435] [-1.0654  0.297   0.4953] [-1.5243  0.3796  0.5598]
desired pos:  [-2.1728 -0.312   1.3365] [-1.0067  0.3112  0.4252] [-1.4802  0.3965  0.5489]
desired pos:  [-2.1663 -0.3123  1.3326] [-0.9423  0.3088  0.3861] [-1.4326  0.3987  0.5346]
press 3 button to land
[-2.2111 -0.3046  1.3424]
[-2.1559 -0.0949  0.6394]
