Hello world
============================================================================================
Device set to : NVIDIA GeForce RTX 3080
============================================================================================
Warning: No joystick found!
crazyflie id: 1
100000000.0 8
loading model :  deq-mpc_FlyingCartpole_obstacles_lr1e3_ineqfix_innerdeqinpGN_andersongoodgradlast_phontom3ReLU_03sdata_qpsolve_gradclip2_noemb_Q10-10-80-1-1R1e8_ub03obsr04_again_T5_bsz200_deq_iter6_hdim1024_valfrac1.0
press 1 button to takeoff
crazyflie position: [-2.5255 -0.831   0.7543]
crazyflie position: [-2.5255 -0.831   0.7543]
crazyflie position: [-2.5255 -0.831   0.7541]
crazyflie position: [-2.5254 -0.831   0.7541]
crazyflie position: [-2.5255 -0.831   0.7542]
crazyflie position: [-2.5255 -0.831   0.7542]
crazyflie position: [-2.5255 -0.831   0.7542]
crazyflie position: [-2.5255 -0.831   0.7542]
crazyflie position: [-2.5255 -0.831   0.7543]
1press 2 button to run DEQ-MPC scenerio
2desired pos:  [-2.545  -0.8349  0.9778] [-3.9996 -3.9995 -3.975 ] [-4. -4. -4.]
desired pos:  [-2.5488 -0.8272  0.9833] [-4.0368 -3.922  -3.9207] [-4.0428 -3.9286 -3.9992]
desired pos:  [-2.5469 -0.8258  0.9868] [-4.0185 -3.9082 -3.8854] [-4.0411 -3.9314 -4.0156]
desired pos:  [-2.5458 -0.8235  0.9836] [-4.0075 -3.8853 -3.9168] [-4.0577 -3.9342 -4.0903]
desired pos:  [-2.5453 -0.8206  0.9828] [-4.002  -3.8561 -3.9255] [-4.0894 -3.9369 -4.1352]
desired pos:  [-2.5449 -0.817   0.9857] [-3.9978 -3.8202 -3.8967] [-4.1304 -3.9359 -4.1363]
desired pos:  [-2.5442 -0.813   0.9892] [-3.9908 -3.7802 -3.8616] [-4.176  -3.9313 -4.1268]
desired pos:  [-2.5429 -0.8083  0.9907] [-3.9785 -3.7328 -3.8466] [-4.2243 -3.9184 -4.1365]
desired pos:  [-2.5394 -0.8037  0.9924] [-3.9429 -3.6869 -3.8294] [-4.2585 -3.9048 -4.1438]
desired pos:  [-2.5339 -0.7997  0.995 ] [-3.8879 -3.6473 -3.803 ] [-4.2825 -3.8944 -4.139 ]
desired pos:  [-2.5282 -0.7958  0.9991] [-3.831  -3.6079 -3.762 ] [-4.3122 -3.8822 -4.1158]
desired pos:  [-2.5206 -0.7899  1.0019] [-3.7554 -3.5494 -3.7343] [-4.3245 -3.8492 -4.0939]
desired pos:  [-2.511  -0.7831  1.005 ] [-3.6592 -3.4808 -3.7034] [-4.3184 -3.8076 -4.0669]
desired pos:  [-2.4996 -0.7749  1.0083] [-3.5452 -3.3994 -3.6702] [-4.2971 -3.7558 -4.042 ]
desired pos:  [-2.4876 -0.7663  1.0111] [-3.4248 -3.3136 -3.6425] [-4.2631 -3.701  -4.0211]
desired pos:  [-2.4755 -0.7569  1.0147] [-3.3038 -3.2187 -3.6067] [-4.2151 -3.6385 -3.9982]
desired pos:  [-2.4622 -0.7445  1.0202] [-3.1716 -3.0953 -3.5515] [-4.1315 -3.5446 -3.9538]
desired pos:  [-2.4506 -0.7319  1.0264] [-3.0548 -2.9693 -3.489 ] [-4.0361 -3.4437 -3.9129]
desired pos:  [-2.4405 -0.7205  1.0342] [-2.9548 -2.8552 -3.4115] [-3.9261 -3.349  -3.8773]
desired pos:  [-2.4337 -0.7117  1.0412] [-2.8858 -2.767  -3.341 ] [-3.8051 -3.2523 -3.8372]
desired pos:  [-2.4226 -0.6981  1.0532] [-2.7753 -2.631  -3.2209] [-3.6732 -3.1515 -3.7663]
desired pos:  [-2.4134 -0.6867  1.0631] [-2.6832 -2.5176 -3.1228] [-3.5383 -3.0464 -3.6906]
desired pos:  [-2.4045 -0.6758  1.0732] [-2.5939 -2.4082 -3.0211] [-3.4172 -2.9438 -3.6245]
desired pos:  [-2.3927 -0.6636  1.0822] [-2.4758 -2.2866 -2.9313] [-3.2836 -2.8254 -3.5361]
desired pos:  [-2.3809 -0.6509  1.0886] [-2.3586 -2.1596 -2.8673] [-3.1628 -2.7003 -3.4278]
desired pos:  [-2.3697 -0.638   1.0974] [-2.2462 -2.0306 -2.7797] [-3.0561 -2.5747 -3.3191]
desired pos:  [-2.3585 -0.6246  1.1094] [-2.1338 -1.8963 -2.6593] [-2.9617 -2.4485 -3.2332]
desired pos:  [-2.3459 -0.6111  1.1228] [-2.008  -1.7615 -2.5255] [-2.8652 -2.3282 -3.1491]
desired pos:  [-2.3331 -0.5979  1.1346] [-1.8802 -1.629  -2.407 ] [-2.7685 -2.2121 -3.0501]
desired pos:  [-2.3205 -0.5847  1.1447] [-1.7547 -1.4975 -2.3062] [-2.6674 -2.0957 -2.9426]
desired pos:  [-2.3077 -0.5717  1.1561] [-1.6263 -1.3672 -2.1927] [-2.5518 -1.9783 -2.8258]
desired pos:  [-2.2985 -0.5616  1.1689] [-1.534  -1.2664 -2.0644] [-2.4575 -1.8867 -2.7233]
desired pos:  [-2.2869 -0.5499  1.1848] [-1.4185 -1.1495 -1.9054] [-2.3258 -1.7739 -2.6158]
desired pos:  [-2.278  -0.5404  1.2003] [-1.3292 -1.0539 -1.7501] [-2.2116 -1.6768 -2.5114]
desired pos:  [-2.2666 -0.5287  1.2167] [-1.215  -0.9375 -1.5867] [-2.0695 -1.5534 -2.3891]
desired pos:  [-2.2594 -0.5214  1.2292] [-1.1432 -0.8639 -1.4613] [-1.9701 -1.4677 -2.296 ]
desired pos:  [-2.2522 -0.514   1.2414] [-1.0709 -0.7899 -1.3391] [-1.8737 -1.3785 -2.196 ]
desired pos:  [-2.2451 -0.507   1.2527] [-0.9998 -0.7199 -1.2259] [-1.7847 -1.2926 -2.0892]
desired pos:  [-2.2351 -0.4972  1.2676] [-0.8999 -0.6219 -1.0777] [-1.6733 -1.1801 -1.9291]
desired pos:  [-2.2251 -0.4882  1.2797] [-0.8003 -0.5317 -0.9563] [-1.5661 -1.0768 -1.7898]
desired pos:  [-2.2175 -0.4806  1.2908] [-0.7245 -0.4567 -0.8454] [-1.484  -0.9886 -1.6749]
desired pos:  [-2.2097 -0.4736  1.3024] [-0.6465 -0.3859 -0.7291] [-1.3994 -0.9041 -1.5649]
desired pos:  [-2.201  -0.4658  1.3145] [-0.5591 -0.3084 -0.6081] [-1.3049 -0.8122 -1.447 ]
desired pos:  [-2.1936 -0.4596  1.3263] [-0.4857 -0.2461 -0.4901] [-1.2243 -0.7341 -1.3212]
desired pos:  [-2.1827 -0.45    1.3393] [-0.3767 -0.1505 -0.36  ] [-1.1081 -0.6212 -1.1654]
desired pos:  [-2.1746 -0.4434  1.3476] [-0.2957 -0.0843 -0.2773] [-1.0201 -0.536  -1.0396]
desired pos:  [-2.1657 -0.436   1.3536] [-0.2063 -0.0097 -0.2169] [-0.9232 -0.4408 -0.9214]
desired pos:  [-2.1572 -0.429   1.3574] [-0.1212  0.0601 -0.1789] [-0.8291 -0.3484 -0.8151]
desired pos:  [-2.1443 -0.4157  1.3679] [ 0.0078  0.1926 -0.0741] [-0.6872 -0.19   -0.6414]
desired pos:  [-2.1355 -0.4059  1.3744] [ 0.0959  0.2907 -0.0095] [-0.5782 -0.0606 -0.5195]
desired pos:  [-2.1254 -0.3944  1.381 ] [0.1969 0.4057 0.0567] [-0.4428  0.094  -0.4215]
desired pos:  [-2.1216 -0.3878  1.3855] [0.2346 0.4714 0.102 ] [-0.3581  0.2052 -0.3595]
desired pos:  [-2.1185 -0.381   1.3912] [0.2658 0.5401 0.1584] [-0.2732  0.3216 -0.2842]
desired pos:  [-2.1166 -0.3751  1.3955] [0.2851 0.5985 0.202 ] [-0.1952  0.4307 -0.2193]
desired pos:  [-2.1168 -0.3716  1.4004] [0.2832 0.6341 0.251 ] [-0.1333  0.5211 -0.1508]
desired pos:  [-2.1125 -0.3619  1.4059] [0.3256 0.7306 0.306 ] [-0.0232  0.6746 -0.0757]
desired pos:  [-2.1137 -0.3584  1.4084] [0.3142 0.7654 0.3302] [ 0.0342  0.7663 -0.0293]
desired pos:  [-2.1146 -0.355   1.4105] [0.3052 0.7996 0.3516] [0.0946 0.856  0.0127]
desired pos:  [-2.118  -0.353   1.4134] [0.2704 0.8194 0.3804] [0.1302 0.9284 0.0583]
desired pos:  [-2.1213 -0.351   1.4168] [0.2379 0.8397 0.4147] [0.168  0.9972 0.1028]
desired pos:  [-2.1254 -0.3498  1.4197] [0.1963 0.8514 0.4433] [0.1942 1.0536 0.1301]
desired pos:  [-2.1298 -0.3492  1.4242] [0.1528 0.8574 0.4885] [0.208  1.0996 0.1676]
desired pos:  [-2.1335 -0.3475  1.4288] [0.1157 0.8745 0.5344] [0.2103 1.1506 0.2102]
desired pos:  [-2.1374 -0.3463  1.4317] [0.0763 0.8866 0.5641] [0.1932 1.1891 0.25  ]
desired pos:  [-2.1436 -0.3463  1.433 ] [0.0145 0.8869 0.5767] [0.1403 1.2072 0.2902]
desired pos:  [-2.1469 -0.3472  1.435 ] [-0.0182  0.8778  0.597 ] [0.1075 1.2115 0.3199]
desired pos:  [-2.1517 -0.3473  1.4394] [-0.0667  0.8772  0.6408] [0.0546 1.2192 0.3489]
desired pos:  [-2.1547 -0.3473  1.4435] [-0.0967  0.8767  0.6814] [0.0181 1.2198 0.3696]
desired pos:  [-2.1588 -0.3471  1.4474] [-0.1371  0.8784  0.7208] [-0.0294  1.2167  0.3875]
desired pos:  [-2.1646 -0.3478  1.4509] [-0.1954  0.872   0.756 ] [-0.0936  1.2005  0.4164]
desired pos:  [-2.1686 -0.3478  1.4536] [-0.2348  0.8722  0.7824] [-0.138   1.1882  0.4503]
desired pos:  [-2.1714 -0.3469  1.4551] [-0.2636  0.8809  0.7981] [-0.1717  1.1822  0.477 ]
desired pos:  [-2.1765 -0.3472  1.4576] [-0.3144  0.8775  0.8223] [-0.2276  1.1626  0.5124]
desired pos:  [-2.1812 -0.3486  1.4598] [-0.361   0.8643  0.845 ] [-0.2798  1.133   0.5493]
desired pos:  [-2.186  -0.3482  1.4618] [-0.4091  0.8678  0.8651] [-0.3341  1.1207  0.5862]
desired pos:  [-2.1893 -0.3479  1.4632] [-0.4424  0.8704  0.8784] [-0.3739  1.1086  0.6193]
desired pos:  [-2.1926 -0.3478  1.4631] [-0.4757  0.872   0.8777] [-0.4144  1.0968  0.637 ]
desired pos:  [-2.1968 -0.3472  1.4636] [-0.5169  0.8774  0.8832] [-0.4636  1.0907  0.6621]
desired pos:  [-2.1988 -0.3461  1.4627] [-0.5377  0.8884  0.8738] [-0.4929  1.0923  0.6756]
desired pos:  [-2.2022 -0.3446  1.4618] [-0.5711  0.9035  0.8645] [-0.5355  1.1005  0.6929]
desired pos:  [-2.2059 -0.3434  1.4604] [-0.6087  0.9156  0.8503] [-0.5822  1.1083  0.7125]
desired pos:  [-2.2088 -0.3432  1.4579] [-0.6369  0.9177  0.8259] [-0.6198  1.1084  0.7223]
desired pos:  [-2.2105 -0.3434  1.4553] [-0.6542  0.9154  0.7997] [-0.6468  1.1061  0.7244]
desired pos:  [-2.2138 -0.3437  1.4537] [-0.6874  0.9127  0.7832] [-0.6896  1.1052  0.7325]
desired pos:  [-2.2169 -0.3443  1.4514] [-0.7179  0.907   0.7604] [-0.7297  1.1027  0.7261]
desired pos:  [-2.2202 -0.3458  1.4496] [-0.7513  0.8921  0.7423] [-0.7727  1.0922  0.7133]
desired pos:  [-2.2233 -0.3467  1.4478] [-0.7823  0.8833  0.7246] [-0.813   1.0882  0.6935]
desired pos:  [-2.2271 -0.3489  1.4469] [-0.8205  0.861   0.7157] [-0.8596  1.0705  0.6805]
desired pos:  [-2.2306 -0.35    1.4451] [-0.855   0.8498  0.6978] [-0.9016  1.063   0.6567]
desired pos:  [-2.2342 -0.3507  1.4437] [-0.8908  0.8425  0.6842] [-0.9443  1.0585  0.6306]
desired pos:  [-2.2375 -0.3519  1.4441] [-0.924   0.8308  0.6877] [-0.9835  1.0484  0.6196]
desired pos:  [-2.2399 -0.3519  1.4438] [-0.9479  0.8308  0.6851] [-1.0129  1.0486  0.5992]
desired pos:  [-2.2424 -0.3518  1.4445] [-0.9728  0.8318  0.6919] [-1.0431  1.0486  0.5834]
desired pos:  [-2.2433 -0.3517  1.446 ] [-0.9823  0.8331  0.7067] [-1.0576  1.0479  0.5781]
desired pos:  [-2.2446 -0.3508  1.4475] [-0.9952  0.8418  0.7213] [-1.0755  1.0538  0.578 ]
desired pos:  [-2.2474 -0.3495  1.448 ] [-1.0229  0.855   0.7268] [-1.1084  1.0637  0.5704]
desired pos:  [-2.2486 -0.3474  1.4486] [-1.0348  0.8762  0.7326] [-1.1258  1.0814  0.564 ]
desired pos:  [-2.2504 -0.3453  1.4493] [-1.0528  0.8966  0.7396] [-1.1499  1.0983  0.564 ]
desired pos:  [-2.253  -0.3434  1.4495] [-1.0788  0.9155  0.7422] [-1.1826  1.1141  0.5644]
desired pos:  [-2.2552 -0.3404  1.4499] [-1.1009  0.9454  0.7459] [-1.2121  1.1414  0.5703]
desired pos:  [-2.2577 -0.3383  1.45  ] [-1.1258  0.967   0.7464] [-1.2455  1.1611  0.577 ]
desired pos:  [-2.2597 -0.3359  1.4498] [-1.1459  0.9912  0.745 ] [-1.2751  1.1842  0.5831]
desired pos:  [-2.2626 -0.3336  1.4502] [-1.1752  1.014   0.7491] [-1.3151  1.2068  0.5979]
desired pos:  [-2.2641 -0.3329  1.4504] [-1.1906  1.0213  0.7504] [-1.3424  1.2148  0.6139]
desired pos:  [-2.2663 -0.3311  1.4498] [-1.212   1.0385  0.7451] [-1.3773  1.2337  0.624 ]
desired pos:  [-2.2667 -0.3302  1.4487] [-1.2159  1.0474  0.7342] [-1.3965  1.2452  0.6278]
desired pos:  [-2.2671 -0.3291  1.4477] [-1.2202  1.059   0.7235] [-1.418   1.26    0.6333]
desired pos:  [-2.2665 -0.3281  1.4457] [-1.2145  1.0685  0.7038] [-1.4321  1.2734  0.6288]
desired pos:  [-2.2656 -0.3274  1.4446] [-1.2048  1.0758  0.6923] [-1.4451  1.2855  0.6298]
desired pos:  [-2.2636 -0.3264  1.4428] [-1.185   1.0856  0.6751] [-1.4511  1.3008  0.6191]
desired pos:  [-2.2618 -0.3264  1.4417] [-1.1668  1.0854  0.6639] [-1.4619  1.3068  0.6056]
desired pos:  [-2.2588 -0.3258  1.441 ] [-1.1368  1.0922  0.6564] [-1.4623  1.3201  0.5925]
desired pos:  [-2.2552 -0.3257  1.441 ] [-1.1012  1.0923  0.6566] [-1.4572  1.3268  0.5879]
desired pos:  [-2.2518 -0.326   1.4407] [-1.0675  1.0897  0.6537] [-1.4538  1.3302  0.5804]
desired pos:  [-2.248  -0.3256  1.4402] [-1.029   1.0938  0.6487] [-1.4447  1.3397  0.5707]
desired pos:  [-2.2429 -0.3251  1.4393] [-0.9779  1.0991  0.6399] [-1.4217  1.3497  0.5579]
desired pos:  [-2.2373 -0.3235  1.438 ] [-0.9225  1.1149  0.6266] [-1.3924  1.3692  0.5411]
desired pos:  [-2.2329 -0.3231  1.4382] [-0.8782  1.1188  0.6292] [-1.3715  1.376   0.5426]
desired pos:  [-2.2285 -0.3213  1.4369] [-0.8339  1.1364  0.6158] [-1.348   1.3956  0.5272]
desired pos:  [-2.2229 -0.3193  1.436 ] [-0.7778  1.1569  0.6064] [-1.3099  1.4172  0.5121]
desired pos:  [-2.2178 -0.315   1.4347] [-0.7273  1.1993  0.5936] [-1.2739  1.4597  0.4934]
desired pos:  [-2.2137 -0.3125  1.4347] [-0.686   1.2245  0.5934] [-1.2433  1.4839  0.4902]
desired pos:  [-2.2092 -0.3091  1.4338] [-0.6415  1.2584  0.5849] [-1.2055  1.5162  0.4824]
desired pos:  [-2.2045 -0.305   1.4323] [-0.5941  1.2993  0.5696] [-1.1612  1.5548  0.4671]
desired pos:  [-2.2007 -0.3006  1.4316] [-0.5567  1.3435  0.5622] [-1.1233  1.5961  0.4621]
desired pos:  [-2.1971 -0.298   1.4305] [-0.5198  1.3693  0.5513] [-1.0826  1.619   0.46  ]
desired pos:  [-2.1919 -0.295   1.4283] [-0.4678  1.4003  0.5301] [-1.024   1.6468  0.4494]
desired pos:  [-2.1882 -0.2922  1.4263] [-0.4311  1.4274  0.5098] [-0.9785  1.671   0.4402]
desired pos:  [-2.1848 -0.289   1.4244] [-0.3976  1.46    0.4905] [-0.9346  1.7011  0.4374]
desired pos:  [-2.1794 -0.2866  1.4211] [-0.3433  1.4835  0.458 ] [-0.8685  1.7226  0.4225]
desired pos:  [-2.1765 -0.2842  1.4186] [-0.3146  1.5079  0.4323] [-0.8268  1.7457  0.4163]
desired pos:  [-2.1723 -0.2825  1.4144] [-0.272   1.5244  0.3904] [-0.7703  1.7616  0.3948]
desired pos:  [-2.1685 -0.2813  1.4104] [-0.2338  1.5368  0.3508] [-0.7169  1.7741  0.371 ]
desired pos:  [-2.1649 -0.2798  1.4065] [-0.198   1.552   0.3122] [-0.6648  1.7902  0.3454]
desired pos:  [-2.1614 -0.2798  1.4033] [-0.163   1.5522  0.2796] [-0.6128  1.7918  0.3241]
desired pos:  [-2.1581 -0.2789  1.3992] [-0.1306  1.5608  0.2384] [-0.5627  1.8023  0.2902]
desired pos:  [-2.1559 -0.2796  1.3958] [-0.1078  1.5538  0.2046] [-0.5217  1.7975  0.2605]
desired pos:  [-2.1542 -0.2792  1.392 ] [-0.0916  1.5574  0.167 ] [-0.4872  1.8037  0.2262]
desired pos:  [-2.1527 -0.2795  1.3879] [-0.0762  1.5549  0.1262] [-0.4534  1.8041  0.1851]
desired pos:  [-2.1519 -0.2796  1.3839] [-0.0679  1.5537  0.0853] [-0.4268  1.806   0.1416]
desired pos:  [-2.1519 -0.2801  1.3812] [-0.0682  1.549   0.0589] [-0.4095  1.8042  0.117 ]
desired pos:  [-2.1498 -0.2798  1.377 ] [-0.0475  1.552   0.0164] [-0.3716  1.8102  0.0749]
desired pos:  [-2.1496 -0.281   1.3739] [-0.0457  1.5403 -0.0142] [-0.3528  1.8016  0.0398]
desired pos:  [-2.1494 -0.2822  1.3704] [-0.0429  1.5278 -0.0489] [-0.3336  1.792   0.0012]
desired pos:  [-2.1487 -0.2825  1.3672] [-0.0364  1.5245 -0.0816] [-0.3111  1.7913 -0.0379]
desired pos:  [-2.1486 -0.2837  1.3647] [-0.0354  1.5128 -0.106 ] [-0.2947  1.7819 -0.0673]
desired pos:  [-2.1481 -0.2858  1.3617] [-0.0305  1.4918 -0.1362] [-0.2749  1.7631 -0.1032]
desired pos:  [-2.1482 -0.287   1.3591] [-0.0317  1.4799 -0.1625] [-0.2614  1.7531 -0.1389]
desired pos:  [-2.1492 -0.2884  1.3573] [-0.0417  1.4654 -0.1807] [-0.2572  1.74   -0.1652]
desired pos:  [-2.1501 -0.2894  1.3551] [-0.0505  1.4557 -0.2022] [-0.2523  1.7314 -0.1946]
desired pos:  [-2.1512 -0.2898  1.3534] [-0.0615  1.4514 -0.2192] [-0.2499  1.7279 -0.2217]
desired pos:  [-2.1522 -0.2907  1.352 ] [-0.0712  1.443  -0.2337] [-0.247   1.7199 -0.2458]
desired pos:  [-2.153  -0.2901  1.3499] [-0.0794  1.4488 -0.2546] [-0.243   1.7258 -0.2793]
desired pos:  [-2.154  -0.2899  1.3485] [-0.0897  1.4506 -0.2681] [-0.2417  1.7275 -0.3075]
desired pos:  [-2.154  -0.2879  1.3469] [-0.0897  1.471  -0.284 ] [-0.2307  1.7476 -0.3396]
desired pos:  [-2.1545 -0.2869  1.3464] [-0.0944  1.4811 -0.2894] [-0.2252  1.7573 -0.3632]
desired pos:  [-2.1553 -0.2868  1.3467] [-0.1018  1.4819 -0.2861] [-0.2234  1.7577 -0.3762]
desired pos:  [-2.1553 -0.2868  1.3461] [-0.1023  1.482  -0.2922] [-0.2153  1.7575 -0.4023]
desired pos:  [-2.1552 -0.2872  1.3467] [-0.1008  1.4774 -0.2863] [-0.2058  1.7528 -0.4223]
desired pos:  [-2.1552 -0.2883  1.3475] [-0.1011  1.4669 -0.2787] [-0.1988  1.7423 -0.4401]
desired pos:  [-2.155  -0.2893  1.3485] [-0.0989  1.457  -0.2682] [-0.1901  1.7325 -0.4513]
desired pos:  [-2.1553 -0.291   1.35  ] [-0.1024  1.4398 -0.2537] [-0.1877  1.7157 -0.4525]
desired pos:  [-2.1548 -0.2924  1.3511] [-0.0976  1.4256 -0.242 ] [-0.1774  1.7018 -0.4522]
desired pos:  [-2.1546 -0.2934  1.3522] [-0.0948  1.4162 -0.2316] [-0.1696  1.6929 -0.4515]
desired pos:  [-2.1532 -0.2939  1.3529] [-0.0812  1.4111 -0.2244] [-0.1512  1.6882 -0.4545]
desired pos:  [-2.1532 -0.2955  1.3545] [-0.0814  1.3949 -0.2082] [-0.1468  1.6724 -0.4454]
desired pos:  [-2.1517 -0.2969  1.3548] [-0.0668  1.3803 -0.2055] [-0.1277  1.658  -0.448 ]
desired pos:  [-2.1503 -0.2979  1.3562] [-0.0523  1.3705 -0.1914] [-0.1088  1.6483 -0.4394]
desired pos:  [-2.1491 -0.2996  1.3574] [-0.0405  1.3535 -0.1795] [-0.0927  1.6311 -0.4288]
desired pos:  [-2.1477 -0.3017  1.3584] [-0.0266  1.333  -0.169 ] [-0.0745  1.6102 -0.417 ]
desired pos:  [-2.1458 -0.303   1.3596] [-0.0069  1.3198 -0.1574] [-0.0503  1.5964 -0.4034]
desired pos:  [-2.1433 -0.3035  1.36  ] [ 0.0178  1.315  -0.1537] [-0.0209  1.5907 -0.4001]
desired pos:  [-2.1409 -0.3042  1.3613] [ 0.0413  1.3075 -0.14  ] [ 0.0076  1.582  -0.3879]
desired pos:  [-2.1389 -0.305   1.3624] [ 0.062   1.3    -0.1294] [ 0.0335  1.5732 -0.3765]
desired pos:  [-2.1359 -0.3052  1.3636] [ 0.0918  1.2981 -0.1174] [ 0.0689  1.5698 -0.3619]
desired pos:  [-2.1348 -0.3061  1.3651] [ 0.1027  1.2888 -0.1023] [ 0.0855  1.559  -0.3407]
desired pos:  [-2.1315 -0.3065  1.3653] [ 0.136   1.2848 -0.0998] [ 0.1248  1.5535 -0.3328]
desired pos:  [-2.1297 -0.3073  1.3664] [ 0.1535  1.2764 -0.0895] [ 0.1486  1.5437 -0.3178]
desired pos:  [-2.1275 -0.308   1.3669] [ 0.1755  1.2703 -0.0842] [ 0.1772  1.5362 -0.3067]
desired pos:  [-2.1254 -0.3086  1.3672] [ 0.1966  1.2636 -0.0817] [ 0.205   1.5282 -0.3007]
desired pos:  [-2.1228 -0.3095  1.3678] [ 0.2226  1.2549 -0.0754] [ 0.2381  1.5183 -0.291 ]
desired pos:  [-2.1208 -0.3108  1.3679] [ 0.2429  1.2415 -0.0747] [ 0.2654  1.504  -0.2866]
desired pos:  [-2.1188 -0.3124  1.3683] [ 0.2628  1.226  -0.07  ] [ 0.2923  1.4877 -0.2777]
desired pos:  [-2.1175 -0.3142  1.3684] [ 0.2755  1.2081 -0.0694] [ 0.312   1.4693 -0.2717]
desired pos:  [-2.1152 -0.3153  1.3682] [ 0.2985  1.1971 -0.0708] [ 0.3421  1.4577 -0.2694]
desired pos:  [-2.1134 -0.3173  1.3682] [ 0.3166  1.1773 -0.0716] [ 0.367   1.4372 -0.2676]
desired pos:  [-2.1118 -0.3192  1.3681] [ 0.3324  1.1573 -0.0724] [ 0.3894  1.4164 -0.2649]
desired pos:  [-2.1104 -0.32    1.3679] [ 0.3465  1.1494 -0.0743] [ 0.41    1.4075 -0.2618]
desired pos:  [-2.1077 -0.3222  1.3674] [ 0.3736  1.1277 -0.0797] [ 0.443   1.3845 -0.2626]
desired pos:  [-2.1062 -0.3235  1.3676] [ 0.3884  1.1146 -0.0777] [ 0.4633  1.3699 -0.2539]
desired pos:  [-2.1043 -0.3254  1.3677] [ 0.4082  1.0958 -0.0765] [ 0.488   1.3493 -0.242 ]
desired pos:  [-2.1012 -0.3271  1.367 ] [ 0.4383  1.079  -0.0829] [ 0.5224  1.3304 -0.2407]
desired pos:  [-2.0982 -0.3287  1.3665] [ 0.4683  1.0625 -0.0881] [ 0.5562  1.3115 -0.2422]
desired pos:  [-2.0963 -0.3301  1.366 ] [ 0.4878  1.0488 -0.0933] [ 0.5787  1.2953 -0.2444]
desired pos:  [-2.0947 -0.3313  1.3657] [ 0.5035  1.0372 -0.0961] [ 0.5968  1.2808 -0.2444]
desired pos:  [-2.0927 -0.3325  1.365 ] [ 0.5239  1.025  -0.1028] [ 0.6187  1.2656 -0.2506]
desired pos:  [-2.0904 -0.3338  1.3652] [ 0.5469  1.0115 -0.101 ] [ 0.6425  1.249  -0.2478]
desired pos:  [-2.0899 -0.3361  1.3651] [ 0.5518  0.9891 -0.1027] [ 0.6476  1.2235 -0.2459]
desired pos:  [-2.0893 -0.3366  1.3647] [ 0.5581  0.9837 -0.1065] [ 0.6533  1.215  -0.2474]
desired pos:  [-2.0884 -0.3374  1.3645] [ 0.5662  0.9761 -0.1087] [ 0.6601  1.2044 -0.2501]
press 3 button to land
[-2.0789 -0.3154  1.3501]
[-2.3725 -0.3139  0.6848]
