Hello world
============================================================================================
Device set to : NVIDIA GeForce RTX 3080
============================================================================================
Warning: No joystick found!
crazyflie id: 1
100000000.0 8
loading model :  deq-1-mpc_FlyingCartpole_obstacles_lr1e3_ineqfix_innerdeqinpGN_andersongoodgradlast_phontom3ReLU_03sdata_qpsolve_gradclip2_noemb_Q10-10-80-1-1R1e8_ub03obsr04_again_T5_bsz200_deq_iter1_hdim1024_valfrac1.0
press 1 button to takeoff
crazyflie position: [-2.534  -0.8446  0.7542]
crazyflie position: [-2.534  -0.8446  0.7542]
crazyflie position: [-2.534  -0.8446  0.7542]
crazyflie position: [-2.534  -0.8446  0.7542]
crazyflie position: [-2.534  -0.8446  0.7542]
crazyflie position: [-2.534  -0.8446  0.7542]
crazyflie position: [-2.534  -0.8446  0.7542]
crazyflie position: [-2.534  -0.8446  0.7542]
crazyflie position: [-2.534  -0.8446  0.7542]
1press 2 button to run DEQ-MPC scenerio
2desired pos:  [-2.5807 -0.8693  0.974 ] [-3.9998 -3.9996 -3.9748] [-4. -4. -4.]
desired pos:  [-2.5719 -0.8412  0.9787] [-3.9114 -3.7184 -3.9279] [-3.9148 -3.7244 -4.0044]
desired pos:  [-2.5737 -0.8361  0.9829] [-3.9302 -3.6674 -3.8864] [-3.9461 -3.688  -4.0138]
desired pos:  [-2.5763 -0.8326  0.9806] [-3.9561 -3.6324 -3.909 ] [-3.9959 -3.6745 -4.0834]
desired pos:  [-2.5782 -0.8302  0.98  ] [-3.9749 -3.6082 -3.915 ] [-4.0475 -3.6756 -4.1309]
desired pos:  [-2.5813 -0.8281  0.9809] [-4.0059 -3.587  -3.9064] [-4.1185 -3.681  -4.1587]
desired pos:  [-2.582  -0.8251  0.9838] [-4.0124 -3.5579 -3.8767] [-4.1722 -3.6789 -4.162 ]
desired pos:  [-2.581  -0.8219  0.9868] [-4.0026 -3.525  -3.8467] [-4.2162 -3.6736 -4.1627]
desired pos:  [-2.578  -0.8183  0.9888] [-3.9723 -3.489  -3.8271] [-4.2439 -3.6661 -4.171 ]
desired pos:  [-2.5738 -0.8135  0.9907] [-3.9305 -3.4418 -3.8081] [-4.2614 -3.6486 -4.1783]
desired pos:  [-2.5689 -0.8081  0.9948] [-3.8817 -3.3872 -3.7674] [-4.2702 -3.6251 -4.166 ]
desired pos:  [-2.564  -0.8018  1.0003] [-3.8328 -3.3245 -3.712 ] [-4.2735 -3.594  -4.1428]
desired pos:  [-2.5592 -0.795   1.0062] [-3.7847 -3.2565 -3.653 ] [-4.2697 -3.5555 -4.1169]
desired pos:  [-2.5541 -0.7885  1.0122] [-3.7342 -3.1912 -3.5926] [-4.2563 -3.5156 -4.0926]
desired pos:  [-2.5484 -0.7811  1.0205] [-3.6771 -3.1172 -3.5099] [-4.2299 -3.4615 -4.0507]
desired pos:  [-2.5422 -0.7729  1.0306] [-3.615  -3.0353 -3.4086] [-4.1899 -3.3944 -3.9903]
desired pos:  [-2.5354 -0.7647  1.0421] [-3.5472 -2.9531 -3.2944] [-4.1334 -3.3243 -3.9243]
desired pos:  [-2.5299 -0.7574  1.0544] [-3.4916 -2.8808 -3.1705] [-4.0774 -3.2622 -3.856 ]
desired pos:  [-2.5248 -0.75    1.0688] [-3.441  -2.8069 -3.0272] [-4.0109 -3.1966 -3.7705]
desired pos:  [-2.5205 -0.7419  1.0824] [-3.3975 -2.7254 -2.8906] [-3.9391 -3.1215 -3.6712]
desired pos:  [-2.5166 -0.7319  1.0938] [-3.3587 -2.6253 -2.7766] [-3.8678 -3.0373 -3.5607]
desired pos:  [-2.5119 -0.7189  1.107 ] [-3.3123 -2.4959 -2.6445] [-3.7964 -2.9414 -3.4319]
desired pos:  [-2.5066 -0.7047  1.1229] [-3.2585 -2.3535 -2.4865] [-3.7355 -2.8356 -3.2903]
desired pos:  [-2.5011 -0.6921  1.1366] [-3.2042 -2.2272 -2.3492] [-3.6873 -2.7363 -3.1524]
desired pos:  [-2.4954 -0.6792  1.1505] [-3.147  -2.0982 -2.2102] [-3.6426 -2.6259 -3.0159]
desired pos:  [-2.4889 -0.6658  1.1676] [-3.0817 -1.9646 -2.0392] [-3.5972 -2.5049 -2.8804]
desired pos:  [-2.4817 -0.6524  1.1857] [-3.0101 -1.8307 -1.8582] [-3.5493 -2.3759 -2.7412]
desired pos:  [-2.4757 -0.641   1.2018] [-2.9497 -1.7167 -1.6974] [-3.5131 -2.2604 -2.6153]
desired pos:  [-2.4685 -0.6273  1.2226] [-2.8783 -1.5793 -1.4891] [-3.4651 -2.1173 -2.451 ]
desired pos:  [-2.4638 -0.6162  1.2426] [-2.831  -1.4685 -1.2887] [-3.4377 -1.9963 -2.3013]
desired pos:  [-2.458  -0.6033  1.2651] [-2.7727 -1.3391 -1.0641] [-3.397  -1.8529 -2.1266]
desired pos:  [-2.4527 -0.5925  1.2855] [-2.7201 -1.2319 -0.8596] [-3.3609 -1.7287 -1.9715]
desired pos:  [-2.4479 -0.5847  1.3028] [-2.6721 -1.1531 -0.6873] [-3.3281 -1.6312 -1.8386]
desired pos:  [-2.4426 -0.5746  1.3225] [-2.6185 -1.0523 -0.4902] [-3.2873 -1.5124 -1.6415]
desired pos:  [-2.4368 -0.5625  1.3457] [-2.5608 -0.9319 -0.2584] [-3.2443 -1.376  -1.3811]
desired pos:  [-2.4319 -0.556   1.3618] [-2.5121 -0.866  -0.0974] [-3.2182 -1.291  -1.2212]
desired pos:  [-2.4264 -0.5497  1.3752] [-2.457  -0.8033  0.0373] [-3.1883 -1.2107 -1.0701]
desired pos:  [-2.4198 -0.5388  1.396 ] [-2.391  -0.6948  0.2452] [-3.1469 -1.0857 -0.8181]
desired pos:  [-2.4117 -0.5284  1.4198] [-2.3098 -0.5909  0.4834] [-3.0852 -0.9605 -0.5573]
desired pos:  [-2.4034 -0.5192  1.4388] [-2.2268 -0.4989  0.6731] [-3.0124 -0.8462 -0.3376]
desired pos:  [-2.3951 -0.5104  1.4539] [-2.1436 -0.4108  0.8242] [-2.9407 -0.7384 -0.1352]
desired pos:  [-2.3862 -0.5011  1.4697] [-2.0549 -0.3175  0.9822] [-2.8686 -0.6253  0.0798]
desired pos:  [-2.377  -0.4938  1.4825] [-1.9626 -0.2446  1.1102] [-2.7948 -0.5307  0.2577]
desired pos:  [-2.3691 -0.4864  1.4941] [-1.8836 -0.1703  1.2262] [-2.728  -0.4345  0.4285]
desired pos:  [-2.36   -0.4784  1.5069] [-1.7925 -0.0903  1.3539] [-2.6395 -0.3328  0.6185]
desired pos:  [-2.3522 -0.473   1.5155] [-1.7148 -0.0362  1.4403] [-2.5562 -0.2559  0.7726]
desired pos:  [-2.345  -0.4683  1.5233] [-1.6427  0.011   1.5178] [-2.474  -0.1806  0.9117]
desired pos:  [-2.3339 -0.4633  1.5328] [-1.5319  0.061   1.613 ] [-2.3574 -0.0955  1.0672]
desired pos:  [-2.3233 -0.4605  1.5357] [-1.4259  0.0889  1.6415] [-2.2562 -0.0296  1.1727]
desired pos:  [-2.3109 -0.4576  1.5379] [-1.3022  0.1181  1.6639] [-2.14    0.037   1.2803]
desired pos:  [-2.2998 -0.4549  1.5409] [-1.1907  0.1445  1.6941] [-2.025   0.097   1.3823]
desired pos:  [-2.2914 -0.4526  1.5415] [-1.1066  0.1675  1.7004] [-1.9178  0.1443  1.443 ]
desired pos:  [-2.2849 -0.4502  1.541 ] [-1.0423  0.192   1.6953] [-1.8105  0.1824  1.4764]
desired pos:  [-2.2805 -0.4474  1.5416] [-0.9976  0.2193  1.7005] [-1.7152  0.2161  1.5152]
desired pos:  [-2.2733 -0.4441  1.5393] [-0.9262  0.2528  1.6776] [-1.6018  0.2552  1.5414]
desired pos:  [-2.2663 -0.4412  1.5369] [-0.8561  0.2815  1.6537] [-1.4941  0.293   1.5543]
desired pos:  [-2.2586 -0.438   1.5349] [-0.7791  0.3132  1.6336] [-1.3793  0.3377  1.5348]
desired pos:  [-2.2549 -0.4366  1.5332] [-0.7419  0.3278  1.6172] [-1.3119  0.3645  1.5332]
desired pos:  [-2.2489 -0.4338  1.5258] [-0.6818  0.3554  1.5429] [-1.2276  0.4006  1.5083]
desired pos:  [-2.2442 -0.431   1.5231] [-0.6351  0.384   1.5161] [-1.1477  0.4382  1.4887]
desired pos:  [-2.2417 -0.4284  1.525 ] [-0.6101  0.4092  1.5354] [-1.0715  0.4721  1.4665]
desired pos:  [-2.2419 -0.4257  1.5245] [-0.612   0.4368  1.5295] [-1.0123  0.5065  1.4234]
desired pos:  [-2.2423 -0.4236  1.5234] [-0.6157  0.4575  1.519 ] [-0.9498  0.5318  1.386 ]
desired pos:  [-2.2436 -0.422   1.5198] [-0.6284  0.4733  1.4827] [-0.913   0.5478  1.3702]
desired pos:  [-2.2434 -0.4207  1.5147] [-0.6268  0.4865  1.4318] [-0.8848  0.5548  1.3687]
desired pos:  [-2.2423 -0.4177  1.5103] [-0.6156  0.5162  1.3878] [-0.8716  0.572   1.3538]
desired pos:  [-2.2407 -0.4147  1.5071] [-0.6001  0.5463  1.3565] [-0.8807  0.5881  1.3222]
desired pos:  [-2.2385 -0.4116  1.5075] [-0.5782  0.5777  1.3603] [-0.8923  0.6096  1.2881]
desired pos:  [-2.2363 -0.409   1.509 ] [-0.5559  0.6033  1.3753] [-0.8935  0.6326  1.2539]
desired pos:  [-2.2363 -0.4064  1.5105] [-0.5557  0.6291  1.3899] [-0.8976  0.6621  1.2175]
desired pos:  [-2.237  -0.4047  1.5143] [-0.5633  0.6461  1.4282] [-0.891   0.6871  1.1997]
desired pos:  [-2.2382 -0.4034  1.5175] [-0.5744  0.6594  1.4598] [-0.8656  0.7114  1.1802]
desired pos:  [-2.241  -0.4023  1.5198] [-0.6024  0.6701  1.4825] [-0.8462  0.7306  1.18  ]
desired pos:  [-2.2485 -0.402   1.5275] [-0.6776  0.674   1.5603] [-0.845   0.7425  1.2003]
desired pos:  [-2.2627 -0.4016  1.5353] [-0.8198  0.6774  1.6378] [-0.8477  0.747   1.2278]
desired pos:  [-2.2725 -0.4013  1.5331] [-0.9174  0.6811  1.6155] [-0.8586  0.748   1.2554]
desired pos:  [-2.2793 -0.3992  1.5298] [-0.9859  0.7012  1.5827] [-0.8655  0.7597  1.3029]
desired pos:  [-2.287  -0.3981  1.5293] [-1.063   0.7124  1.5777] [-0.8791  0.7517  1.3553]
desired pos:  [-2.296  -0.3936  1.5317] [-1.1528  0.7575  1.6023] [-0.8981  0.7628  1.4008]
desired pos:  [-2.3053 -0.387   1.5317] [-1.2454  0.8235  1.6019] [-0.9265  0.7871  1.4055]
desired pos:  [-2.3117 -0.3789  1.5259] [-1.31    0.9045  1.5439] [-0.9619  0.8326  1.3849]
desired pos:  [-2.3181 -0.3709  1.5204] [-1.374   0.9845  1.4892] [-1.0309  0.8972  1.4112]
desired pos:  [-2.3259 -0.362   1.5173] [-1.4519  1.0736  1.4578] [-1.1208  0.9691  1.4364]
desired pos:  [-2.3305 -0.3544  1.5116] [-1.4975  1.1494  1.4005] [-1.2101  1.0415  1.424 ]
desired pos:  [-2.3304 -0.3485  1.5048] [-1.4968  1.2083  1.3328] [-1.2923  1.1067  1.3813]
desired pos:  [-2.3241 -0.3444  1.4991] [-1.4338  1.25    1.276 ] [-1.3494  1.1648  1.3323]
desired pos:  [-2.3159 -0.3416  1.4922] [-1.3519  1.2774  1.2074] [-1.3983  1.2168  1.292 ]
desired pos:  [-2.3073 -0.3395  1.4833] [-1.2661  1.2988  1.1181] [-1.4443  1.2701  1.2441]
desired pos:  [-2.2976 -0.3374  1.4735] [-1.169   1.32    1.0197] [-1.4713  1.3297  1.1857]
desired pos:  [-2.2884 -0.3345  1.4618] [-1.0771  1.349   0.9032] [-1.4867  1.3988  1.0972]
desired pos:  [-2.2794 -0.3321  1.4513] [-0.9869  1.3726  0.7985] [-1.477   1.4583  1.014 ]
desired pos:  [-2.2707 -0.3295  1.4427] [-0.8994  1.399   0.7117] [-1.451   1.5167  0.9207]
desired pos:  [-2.2611 -0.3273  1.4361] [-0.8034  1.4202  0.6457] [-1.3979  1.5674  0.823 ]
desired pos:  [-2.2543 -0.3241  1.4302] [-0.7358  1.4529  0.5873] [-1.3534  1.6243  0.7332]
desired pos:  [-2.2493 -0.322   1.4284] [-0.686   1.4737  0.5689] [-1.2882  1.6725  0.629 ]
desired pos:  [-2.2432 -0.3176  1.4222] [-0.6247  1.5178  0.507 ] [-1.2197  1.7258  0.529 ]
desired pos:  [-2.2399 -0.3134  1.4141] [-0.5919  1.5594  0.4258] [-1.1565  1.7771  0.4581]
desired pos:  [-2.2367 -0.3089  1.4047] [-0.5594  1.6046  0.3321] [-1.0899  1.8307  0.4038]
desired pos:  [-2.2345 -0.3056  1.3931] [-0.5382  1.6379  0.2164] [-1.0287  1.8728  0.3555]
desired pos:  [-2.2331 -0.3035  1.3831] [-0.5239  1.6586  0.1158] [-0.9466  1.9113  0.2895]
desired pos:  [-2.2352 -0.304   1.3752] [-0.5449  1.6541  0.037 ] [-0.8756  1.9379  0.2137]
desired pos:  [-2.2372 -0.3051  1.3657] [-0.5644  1.643  -0.0577] [-0.8046  1.9647  0.1192]
desired pos:  [-2.2393 -0.3077  1.3572] [-0.5857  1.6163 -0.143 ] [-0.7458  1.9762  0.0285]
desired pos:  [-2.242  -0.3102  1.3492] [-0.6124  1.5916 -0.2231] [-0.7031  1.9818 -0.0671]
desired pos:  [-2.2436 -0.3128  1.3409] [-0.6288  1.5652 -0.3063] [-0.6641  1.9721 -0.1617]
desired pos:  [-2.2455 -0.3157  1.3329] [-0.6478  1.5368 -0.3859] [-0.648   1.9492 -0.2447]
desired pos:  [-2.2451 -0.3176  1.3278] [-0.6442  1.518  -0.4367] [-0.6332  1.9288 -0.3091]
desired pos:  [-2.2425 -0.3203  1.3225] [-0.6183  1.4906 -0.4898] [-0.6199  1.8978 -0.3885]
desired pos:  [-2.2385 -0.3231  1.3174] [-0.5783  1.4623 -0.5407] [-0.6015  1.869  -0.4816]
desired pos:  [-2.2365 -0.3257  1.316 ] [-0.5576  1.4368 -0.5552] [-0.5922  1.8468 -0.5485]
desired pos:  [-2.2343 -0.3297  1.3149] [-0.5357  1.3964 -0.5661] [-0.5672  1.8088 -0.6101]
desired pos:  [-2.2334 -0.3321  1.3161] [-0.5269  1.3721 -0.5541] [-0.546   1.7828 -0.6506]
desired pos:  [-2.2324 -0.3358  1.3164] [-0.5166  1.3357 -0.5509] [-0.5179  1.7395 -0.7035]
desired pos:  [-2.2325 -0.3383  1.3197] [-0.5176  1.3105 -0.5179] [-0.4974  1.702  -0.7253]
desired pos:  [-2.2326 -0.3397  1.3227] [-0.5192  1.2964 -0.4884] [-0.4762  1.6704 -0.7474]
desired pos:  [-2.2325 -0.3412  1.3275] [-0.5176  1.2819 -0.4403] [-0.4533  1.6342 -0.7489]
desired pos:  [-2.2316 -0.3445  1.3334] [-0.5084  1.2485 -0.3809] [-0.4266  1.5756 -0.7376]
desired pos:  [-2.2305 -0.3465  1.34  ] [-0.4977  1.229  -0.3153] [-0.4045  1.5287 -0.7166]
desired pos:  [-2.2293 -0.3488  1.3425] [-0.486   1.2059 -0.2901] [-0.39    1.4837 -0.682 ]
desired pos:  [-2.2277 -0.3519  1.3412] [-0.4702  1.1744 -0.3034] [-0.3826  1.4368 -0.6419]
desired pos:  [-2.2257 -0.3563  1.3465] [-0.4498  1.1309 -0.2502] [-0.3959  1.3772 -0.5874]
desired pos:  [-2.2202 -0.3618  1.3547] [-0.3943  1.0758 -0.1684] [-0.404   1.313  -0.5463]
desired pos:  [-2.2129 -0.3689  1.3602] [-0.3219  1.0046 -0.113 ] [-0.4073  1.2473 -0.5217]
desired pos:  [-2.2053 -0.3757  1.3644] [-0.2459  0.9362 -0.0705] [-0.4025  1.1959 -0.4895]
desired pos:  [-2.1979 -0.3822  1.3698] [-0.1717  0.8717 -0.0169] [-0.3873  1.155  -0.4397]
desired pos:  [-2.1901 -0.3903  1.3776] [-0.0938  0.7904  0.0612] [-0.3564  1.1017 -0.3851]
desired pos:  [-2.1836 -0.3987  1.3883] [-0.0284  0.707   0.1681] [-0.3192  1.0475 -0.3201]
desired pos:  [-2.1782 -0.4061  1.397 ] [0.0252 0.6321 0.2553] [-0.271   0.9981 -0.2742]
desired pos:  [-2.1756 -0.4126  1.4071] [0.0513 0.5672 0.3563] [-0.2282  0.9506 -0.2027]
desired pos:  [-2.1751 -0.4185  1.4195] [0.0567 0.5085 0.4797] [-0.1797  0.8965 -0.1095]
desired pos:  [-2.1774 -0.4223  1.4348] [0.0336 0.4706 0.6333] [-0.1161  0.829  -0.0085]
desired pos:  [-2.1808 -0.428   1.4522] [-0.0011  0.4137  0.807 ] [-0.059   0.7604  0.0806]
desired pos:  [-2.1826 -0.4326  1.4577] [-0.0184  0.3678  0.8619] [-0.0138  0.6918  0.1771]
desired pos:  [-2.1847 -0.4362  1.4629] [-0.0397  0.3311  0.9143] [0.0138 0.6361 0.2977]
desired pos:  [-2.1865 -0.4383  1.4707] [-0.0583  0.3101  0.992 ] [0.04   0.5951 0.4489]
desired pos:  [-2.1905 -0.4387  1.4768] [-0.0976  0.3067  1.053 ] [0.0473 0.5685 0.5732]
desired pos:  [-2.1956 -0.4374  1.4821] [-0.1493  0.32    1.1059] [0.053  0.5508 0.6472]
desired pos:  [-2.2032 -0.435   1.4916] [-0.2246  0.3436  1.2013] [0.04   0.5369 0.7293]
desired pos:  [-2.2094 -0.4349  1.4976] [-0.2865  0.3445  1.2608] [0.0238 0.5055 0.8052]
desired pos:  [-2.2152 -0.4354  1.499 ] [-0.3446  0.34    1.2754] [-0.0087  0.4765  0.8734]
desired pos:  [-2.221  -0.4368  1.5   ] [-0.403   0.3255  1.2852] [-0.0606  0.4413  0.9461]
desired pos:  [-2.2262 -0.4375  1.5018] [-0.4548  0.3181  1.3032] [-0.1277  0.4148  1.0227]
desired pos:  [-2.2309 -0.4383  1.5013] [-0.502   0.3109  1.2983] [-0.2035  0.3911  1.0752]
desired pos:  [-2.2323 -0.4395  1.4976] [-0.5162  0.2984  1.2612] [-0.2574  0.3668  1.1005]
desired pos:  [-2.236  -0.4405  1.4929] [-0.5525  0.2889  1.2136] [-0.3345  0.3518  1.1165]
desired pos:  [-2.2404 -0.4416  1.4883] [-0.5971  0.2778  1.1676] [-0.4144  0.3426  1.1238]
desired pos:  [-2.2448 -0.443   1.4803] [-0.6404  0.2637  1.0877] [-0.4826  0.3372  1.0965]
desired pos:  [-2.2478 -0.4442  1.4696] [-0.671   0.252   0.9809] [-0.5298  0.3382  1.0497]
desired pos:  [-2.2496 -0.4468  1.458 ] [-0.689   0.2259  0.8653] [-0.5629  0.3276  0.9931]
desired pos:  [-2.2509 -0.449   1.4467] [-0.7021  0.2035  0.7524] [-0.5933  0.3218  0.9387]
desired pos:  [-2.2518 -0.4514  1.4343] [-0.7107  0.1798  0.6277] [-0.6235  0.3141  0.8756]
desired pos:  [-2.2541 -0.4541  1.4181] [-0.7334  0.1525  0.4663] [-0.6706  0.302   0.772 ]
desired pos:  [-2.2559 -0.4578  1.4056] [-0.7521  0.1151  0.3409] [-0.7228  0.2848  0.6522]
desired pos:  [-2.2564 -0.4632  1.3972] [-0.7567  0.0616  0.2569] [-0.7664  0.257   0.5291]
desired pos:  [-2.2581 -0.469   1.3836] [-0.7743  0.0032  0.1214] [-0.8113  0.2202  0.3981]
desired pos:  [-2.2599 -0.4743  1.3674] [-0.7921 -0.0495 -0.0407] [-0.8467  0.1872  0.2649]
desired pos:  [-2.2605 -0.4795  1.3507] [-0.7976 -0.1012 -0.2076] [-0.8711  0.1514  0.1474]
desired pos:  [-2.2594 -0.4865  1.3291] [-0.7866 -0.1717 -0.4239] [-0.891   0.1082  0.025 ]
desired pos:  [-2.2557 -0.4927  1.3056] [-0.7495 -0.2336 -0.6592] [-0.9077  0.0704 -0.11  ]
desired pos:  [-2.248  -0.505   1.2595] [-0.673  -0.3567 -1.1196] [-0.9153 -0.03   -0.4667]
desired pos:  [-2.2425 -0.5121  1.2463] [-0.6179 -0.4279 -1.252 ] [-0.9143 -0.0981 -0.6137]
desired pos:  [-2.2338 -0.5176  1.2579] [-0.5311 -0.4826 -1.1357] [-0.8734 -0.167  -0.5407]
desired pos:  [-2.2249 -0.5227  1.2564] [-0.442  -0.5332 -1.151 ] [-0.8315 -0.2359 -0.5981]
desired pos:  [-2.2156 -0.5276  1.2334] [-0.3493 -0.5822 -1.381 ] [-0.783  -0.304  -0.8663]
desired pos:  [-2.2089 -0.5321  1.2142] [-0.2819 -0.6274 -1.5727] [-0.7494 -0.369  -1.0959]
desired pos:  [-2.2039 -0.5364  1.204 ] [-0.2319 -0.6707 -1.675 ] [-0.719  -0.4333 -1.2404]
desired pos:  [-2.201  -0.543   1.1987] [-0.2027 -0.7368 -1.7283] [-0.695  -0.521  -1.3384]
desired pos:  [-2.1989 -0.5473  1.1936] [-0.1813 -0.779  -1.7789] [-0.6665 -0.5846 -1.4344]
desired pos:  [-2.1967 -0.5519  1.1842] [-0.1595 -0.8253 -1.8726] [-0.6276 -0.6516 -1.5737]
desired pos:  [-2.1942 -0.5544  1.1758] [-0.1344 -0.8503 -1.9571] [-0.5781 -0.6964 -1.7039]
desired pos:  [-2.1923 -0.557   1.1691] [-0.1155 -0.8762 -2.0237] [-0.5298 -0.7408 -1.8169]
desired pos:  [-2.1893 -0.5588  1.165 ] [-0.086  -0.8941 -2.0647] [-0.4681 -0.7761 -1.9062]
desired pos:  [-2.1858 -0.5616  1.1606] [-0.0505 -0.9219 -2.1091] [-0.4008 -0.821  -2.0009]
desired pos:  [-2.1829 -0.5629  1.1583] [-0.022  -0.9353 -2.132 ] [-0.3422 -0.8513 -2.0753]
desired pos:  [-2.181  -0.5636  1.1571] [-0.0028 -0.9426 -2.1445] [-0.2948 -0.8756 -2.1395]
desired pos:  [-2.1786 -0.5648  1.1567] [ 0.0207 -0.9545 -2.1482] [-0.2447 -0.9045 -2.1951]
desired pos:  [-2.1768 -0.5662  1.1563] [ 0.0391 -0.9684 -2.1523] [-0.2001 -0.9353 -2.2507]
desired pos:  [-2.1756 -0.5671  1.158 ] [ 0.051  -0.9779 -2.1354] [-0.1609 -0.9613 -2.284 ]
desired pos:  [-2.1756 -0.5679  1.1609] [ 0.0512 -0.985  -2.1064] [-0.131  -0.9846 -2.304 ]
desired pos:  [-2.1758 -0.5689  1.1642] [ 0.0494 -0.9955 -2.0726] [-0.1001 -1.011  -2.3186]
desired pos:  [-2.1767 -0.5693  1.1689] [ 0.0407 -0.999  -2.026 ] [-0.0738 -1.0303 -2.32  ]
desired pos:  [-2.1765 -0.5689  1.1739] [ 0.0421 -0.9953 -1.9764] [-0.0364 -1.0426 -2.3181]
desired pos:  [-2.1774 -0.569   1.1804] [ 0.0336 -0.9962 -1.9114] [-0.0087 -1.0595 -2.2997]
desired pos:  [-2.1771 -0.5682  1.1872] [ 0.0357 -0.9887 -1.8432] [ 0.0288 -1.0684 -2.2775]
desired pos:  [-2.1757 -0.5708  1.1985] [ 0.0506 -1.0147 -1.7297] [ 0.0948 -1.1224 -2.1919]
desired pos:  [-2.175  -0.5746  1.2149] [ 0.0567 -1.0523 -1.5661] [ 0.1179 -1.1755 -2.0783]
desired pos:  [-2.1796 -0.5803  1.2523] [ 0.0108 -1.1098 -1.1923] [ 0.0813 -1.2474 -1.7449]
desired pos:  [-2.1836 -0.584   1.2702] [-0.029  -1.1464 -1.0128] [ 0.0448 -1.295  -1.5546]
desired pos:  [-2.1814 -0.5858  1.2609] [-0.0068 -1.1641 -1.1058] [ 0.0609 -1.3191 -1.595 ]
desired pos:  [-2.1759 -0.5869  1.2634] [ 0.0478 -1.1752 -1.0806] [ 0.0976 -1.3326 -1.5498]
desired pos:  [-2.1696 -0.5882  1.2832] [ 0.1115 -1.1882 -0.883 ] [ 0.1353 -1.3444 -1.3772]
desired pos:  [-2.1653 -0.59    1.2978] [ 0.1538 -1.2067 -0.7366] [ 0.1517 -1.3613 -1.2731]
desired pos:  [-2.1626 -0.5917  1.3062] [ 0.1811 -1.2239 -0.6534] [ 0.1593 -1.3788 -1.2393]
desired pos:  [-2.1621 -0.5933  1.3171] [ 0.1862 -1.2391 -0.544 ] [ 0.1557 -1.3958 -1.1853]
desired pos:  [-2.1621 -0.5947  1.3365] [ 0.1862 -1.2539 -0.3505] [ 0.1599 -1.4117 -1.0503]
desired pos:  [-2.1626 -0.5954  1.3559] [ 0.1812 -1.2608 -0.1557] [ 0.1721 -1.4179 -0.913 ]
desired pos:  [-2.164  -0.5951  1.3727] [ 0.1676 -1.2578  0.0119] [ 0.1874 -1.4129 -0.7985]
desired pos:  [-2.1664 -0.5939  1.3877] [ 0.1428 -1.2458  0.162 ] [ 0.2008 -1.4008 -0.6939]
press 3 button to land
[-2.1584 -0.6074  1.3187]
[-2.5287 -0.3554  0.7238]
