Warning: No joystick found!
crazyflie id: 1
100000000.0 8
loading model :  deq-mpc-nn_FlyingCartpole_obstacles_lr1e3_ineqfix_innerdeqinpGN_andersongoodgradlast_phontom3ReLU_03sdata_qpsolve_gradclip2_noemb_Q10-10-80-1-1R1e8_constraintexps_ub03obsr04_T5_bsz200_deq_iter6_hdim1024_valfrac1.0
press 1 button to takeoff
crazyflie position: [-2.5296 -0.8716  0.7542]
crazyflie position: [-2.5296 -0.8716  0.7543]
crazyflie position: [-2.5296 -0.8716  0.7543]
crazyflie position: [-2.5296 -0.8716  0.7543]
crazyflie position: [-2.5297 -0.8716  0.7543]
crazyflie position: [-2.5296 -0.8716  0.7542]
crazyflie position: [-2.5297 -0.8716  0.7543]
crazyflie position: [-2.5296 -0.8716  0.7542]
crazyflie position: [-2.5297 -0.8716  0.7543]
crazyflie position: [-2.5296 -0.8716  0.7543]
crazyflie position: [-2.5296 -0.8716  0.7543]
1press 2 button to run DEQ-MPC scenerio
2desired pos:  [-2.5445 -0.8915  0.9734] [-3.9997 -3.9995 -3.9749] [-4. -4. -4.]
desired pos:  [-2.5451 -0.8962  0.9788] [-4.0057 -4.0468 -3.9206] [-4.0103 -4.0534 -3.9981]
desired pos:  [-2.5451 -0.8938  0.984 ] [-4.0056 -4.023  -3.8685] [-4.0254 -4.0458 -3.9983]
desired pos:  [-2.5433 -0.8902  0.9833] [-3.9881 -3.9871 -3.8761] [-4.0378 -4.035  -4.0503]
desired pos:  [-2.5419 -0.8865  0.98  ] [-3.9733 -3.9499 -3.9089] [-4.0657 -4.0291 -4.1176]
desired pos:  [-2.5389 -0.8829  0.9799] [-3.9437 -3.9134 -3.9101] [-4.0887 -4.0265 -4.148 ]
desired pos:  [-2.5354 -0.8795  0.9824] [-3.9089 -3.8801 -3.8852] [-4.1159 -4.0267 -4.1494]
desired pos:  [-2.5309 -0.8766  0.9858] [-3.8636 -3.8505 -3.8507] [-4.1426 -4.0282 -4.1392]
desired pos:  [-2.5252 -0.8738  0.9881] [-3.8063 -3.8227 -3.8277] [-4.1668 -4.0281 -4.1378]
desired pos:  [-2.5195 -0.8708  0.9884] [-3.7496 -3.7925 -3.8248] [-4.1996 -4.023  -4.1527]
desired pos:  [-2.5106 -0.8672  0.9897] [-3.6608 -3.7571 -3.8116] [-4.2057 -4.0112 -4.1537]
desired pos:  [-2.4999 -0.8627  0.9923] [-3.5541 -3.7124 -3.7856] [-4.196  -3.9901 -4.1371]
desired pos:  [-2.4879 -0.8575  0.9946] [-3.4336 -3.66   -3.7628] [-4.1721 -3.9614 -4.1179]
desired pos:  [-2.4743 -0.8519  0.9959] [-3.2975 -3.6036 -3.7499] [-4.1322 -3.9287 -4.1093]
desired pos:  [-2.4592 -0.8461  0.9984] [-3.1462 -3.5461 -3.7254] [-4.0765 -3.8949 -4.097 ]
desired pos:  [-2.4434 -0.8401  1.0012] [-2.9884 -3.4861 -3.6965] [-4.0084 -3.8573 -4.0813]
desired pos:  [-2.4268 -0.8337  1.0057] [-2.8223 -3.4222 -3.6524] [-3.9208 -3.8163 -4.056 ]
desired pos:  [-2.4103 -0.8273  1.0106] [-2.6573 -3.3581 -3.6032] [-3.8156 -3.7761 -4.0304]
desired pos:  [-2.3964 -0.8212  1.016 ] [-2.5188 -3.297  -3.5486] [-3.6918 -3.7273 -4.0045]
desired pos:  [-2.3739 -0.8112  1.0231] [-2.2935 -3.1965 -3.4778] [-3.5495 -3.6722 -3.9748]
desired pos:  [-2.3558 -0.7995  1.0307] [-2.113  -3.0799 -3.4018] [-3.3861 -3.5983 -3.935 ]
desired pos:  [-2.3612 -0.7931  1.0392] [-2.1665 -3.0157 -3.317 ] [-3.2181 -3.5185 -3.886 ]
desired pos:  [-2.373  -0.7642  1.0799] [-2.285  -2.7266 -2.9103] [-3.029  -3.4229 -3.8321]
desired pos:  [-2.3771 -0.756   1.1186] [-2.3259 -2.6444 -2.5229] [-2.8505 -3.3249 -3.7722]
desired pos:  [-2.3724 -0.7596  1.1482] [-2.2785 -2.6809 -2.2271] [-2.7047 -3.2251 -3.7087]
desired pos:  [-2.327  -0.7467  1.1428] [-1.8242 -2.5521 -2.2805] [-2.5575 -3.091  -3.552 ]
desired pos:  [-2.2952 -0.7234  1.1261] [-1.5063 -2.3193 -2.4481] [-2.4527 -2.9344 -3.2801]
desired pos:  [-2.2974 -0.7086  1.1567] [-1.5286 -2.1704 -2.1415] [-2.378  -2.7774 -2.9823]
desired pos:  [-2.297  -0.6961  1.1782] [-1.5243 -2.0463 -1.9266] [-2.3027 -2.6303 -2.7674]
desired pos:  [-2.2925 -0.6863  1.1858] [-1.4793 -1.9481 -1.8507] [-2.2032 -2.5018 -2.6969]
desired pos:  [-2.2827 -0.6767  1.1961] [-1.3815 -1.8521 -1.7482] [-2.067  -2.3763 -2.6106]
desired pos:  [-2.2694 -0.6652  1.2145] [-1.2483 -1.737  -1.5644] [-1.9174 -2.2412 -2.4225]
desired pos:  [-2.2559 -0.653   1.2347] [-1.1135 -1.6147 -1.3619] [-1.7831 -2.1051 -2.2371]
desired pos:  [-2.2453 -0.6435  1.2489] [-1.0077 -1.5196 -1.22  ] [-1.6927 -1.9997 -2.1417]
desired pos:  [-2.2342 -0.634   1.2626] [-0.8969 -1.4247 -1.0828] [-1.6087 -1.8977 -2.048 ]
desired pos:  [-2.2218 -0.6237  1.2839] [-0.7722 -1.3216 -0.8694] [-1.5198 -1.7883 -1.8772]
desired pos:  [-2.2098 -0.6154  1.3097] [-0.6524 -1.2393 -0.6121] [-1.4435 -1.6982 -1.6647]
desired pos:  [-2.1987 -0.6106  1.327 ] [-0.5417 -1.1909 -0.4389] [-1.3712 -1.63   -1.5244]
desired pos:  [-2.1803 -0.6041  1.3482] [-0.3577 -1.1259 -0.2265] [-1.2703 -1.5565 -1.3685]
desired pos:  [-2.1653 -0.5991  1.3683] [-0.2075 -1.0757 -0.0263] [-1.1638 -1.4835 -1.1629]
desired pos:  [-2.1515 -0.5949  1.3886] [-0.0698 -1.0343  0.1774] [-1.0374 -1.4172 -0.9302]
desired pos:  [-2.1411 -0.5909  1.4031] [ 0.0344 -0.9938  0.3221] [-0.9105 -1.3548 -0.717 ]
desired pos:  [-2.1304 -0.5877  1.4183] [ 0.1411 -0.9623  0.4736] [-0.7645 -1.3029 -0.4995]
desired pos:  [-2.1214 -0.585   1.4327] [ 0.2314 -0.9347  0.6184] [-0.6105 -1.2584 -0.2846]
desired pos:  [-2.1116 -0.5821  1.4436] [ 0.3293 -0.9056  0.7268] [-0.4542 -1.2191 -0.0868]
desired pos:  [-2.1055 -0.5798  1.4488] [ 0.3909 -0.8829  0.7796] [-0.3274 -1.1885  0.0492]
desired pos:  [-2.1025 -0.5783  1.4515] [ 0.4203 -0.8678  0.806 ] [-0.2338 -1.1672  0.1558]
desired pos:  [-2.0997 -0.5769  1.4536] [ 0.4487 -0.8535  0.8271] [-0.1441 -1.1468  0.2542]
desired pos:  [-2.098  -0.5754  1.4559] [ 0.4659 -0.8388  0.8503] [-0.0688 -1.1255  0.3523]
desired pos:  [-2.095  -0.5744  1.4576] [ 0.4955 -0.829   0.8672] [ 0.0159 -1.1083  0.4437]
desired pos:  [-2.0927 -0.5728  1.4573] [ 0.5179 -0.8125  0.8643] [ 0.0916 -1.0834  0.5144]
desired pos:  [-2.0914 -0.5717  1.4567] [ 0.5314 -0.8019  0.8583] [ 0.1614 -1.0625  0.5712]
desired pos:  [-2.0907 -0.5703  1.4563] [ 0.5386 -0.7877  0.854 ] [ 0.2304 -1.0356  0.6136]
desired pos:  [-2.0911 -0.5696  1.4561] [ 0.5349 -0.7811  0.8519] [ 0.2911 -1.0147  0.6498]
desired pos:  [-2.092  -0.5686  1.4544] [ 0.5258 -0.7706  0.8354] [ 0.3464 -0.9889  0.6696]
desired pos:  [-2.0931 -0.5676  1.4523] [ 0.5146 -0.7606  0.814 ] [ 0.3992 -0.9634  0.6809]
desired pos:  [-2.0953 -0.5666  1.4504] [ 0.4919 -0.7504  0.795 ] [ 0.4397 -0.9381  0.6892]
desired pos:  [-2.0979 -0.5652  1.4477] [ 0.4659 -0.7365  0.7677] [ 0.4744 -0.9105  0.6847]
desired pos:  [-2.1015 -0.5648  1.4455] [ 0.4302 -0.7329  0.7459] [ 0.4955 -0.8959  0.6841]
desired pos:  [-2.1047 -0.5627  1.4424] [ 0.3982 -0.7116  0.7148] [ 0.5166 -0.8668  0.6713]
desired pos:  [-2.1074 -0.5609  1.4397] [ 0.3714 -0.6935  0.6881] [ 0.5402 -0.845   0.6553]
desired pos:  [-2.1115 -0.5587  1.4376] [ 0.33   -0.672   0.6672] [ 0.5446 -0.8243  0.6425]
desired pos:  [-2.1147 -0.5552  1.4344] [ 0.2981 -0.6369  0.6349] [ 0.5514 -0.7944  0.6217]
desired pos:  [-2.119  -0.5518  1.4311] [ 0.2553 -0.6027  0.602 ] [ 0.5399 -0.7689  0.6016]
desired pos:  [-2.1223 -0.5481  1.4276] [ 0.222  -0.5663  0.5672] [ 0.5309 -0.7436  0.5723]
desired pos:  [-2.1268 -0.5424  1.423 ] [ 0.1773 -0.509   0.5207] [ 0.5026 -0.6983  0.5255]
desired pos:  [-2.1294 -0.5376  1.4192] [ 0.1512 -0.4608  0.4836] [ 0.4842 -0.6613  0.4872]
desired pos:  [-2.1325 -0.5323  1.4164] [ 0.1209 -0.4081  0.4547] [ 0.4539 -0.6174  0.4586]
desired pos:  [-2.1338 -0.5273  1.4127] [ 0.1073 -0.3582  0.4181] [ 0.4343 -0.572   0.4243]
desired pos:  [-2.1354 -0.5225  1.4091] [ 0.0913 -0.3099  0.3818] [ 0.4085 -0.5222  0.3891]
desired pos:  [-2.1376 -0.5175  1.4055] [ 0.0691 -0.2595  0.3461] [ 0.3747 -0.4633  0.3497]
desired pos:  [-2.1389 -0.5125  1.4017] [ 0.0561 -0.2097  0.308 ] [ 0.3492 -0.3978  0.304 ]
desired pos:  [-2.1388 -0.508   1.3975] [ 0.0576 -0.1645  0.2659] [ 0.3373 -0.331   0.2548]
desired pos:  [-2.14   -0.5026  1.3933] [ 0.0452 -0.1114  0.2243] [ 0.3116 -0.2529  0.2116]
desired pos:  [-2.1405 -0.4984  1.3892] [ 0.0405 -0.0693  0.1827] [ 0.2945 -0.1848  0.1737]
desired pos:  [-2.1409 -0.4923  1.3852] [ 0.036  -0.0077  0.1428] [ 0.2793 -0.0978  0.139 ]
desired pos:  [-2.1415 -0.4873  1.3812] [0.0305 0.0421 0.103 ] [ 0.2643 -0.0234  0.1052]
desired pos:  [-2.1423 -0.4817  1.3773] [0.0224 0.098  0.0636] [0.2481 0.0562 0.0682]
desired pos:  [-2.1425 -0.4766  1.3738] [0.0203 0.149  0.0291] [0.2391 0.1305 0.0284]
desired pos:  [-2.1445 -0.4711  1.3715] [0.0005 0.2044 0.006 ] [ 0.2135  0.2084 -0.0099]
desired pos:  [-2.1449 -0.4659  1.3697] [-0.0038  0.2559 -0.0114] [ 0.2044  0.2816 -0.0524]
desired pos:  [-2.146  -0.4616  1.3696] [-0.0143  0.2994 -0.0131] [ 0.1892  0.3454 -0.085 ]
desired pos:  [-2.1469 -0.4571  1.3698] [-0.0235  0.3437 -0.0105] [ 0.1741  0.4091 -0.1227]
desired pos:  [-2.1487 -0.4512  1.3712] [-0.0416  0.4027  0.003 ] [ 0.1464  0.487  -0.1579]
desired pos:  [-2.1491 -0.4473  1.3729] [-0.046   0.4423  0.0202] [ 0.1271  0.5451 -0.1899]
desired pos:  [-2.1497 -0.4399  1.3741] [-0.0516  0.5163  0.0322] [ 0.0999  0.6374 -0.2193]
desired pos:  [-2.1509 -0.4334  1.3736] [-0.0632  0.5812  0.0272] [ 0.0671  0.7177 -0.221 ]
desired pos:  [-2.1524 -0.4294  1.3706] [-0.0791  0.6207 -0.0026] [ 0.034   0.7692 -0.2012]
desired pos:  [-2.1541 -0.4255  1.3665] [-0.0953  0.6598 -0.0441] [ 0.0041  0.8193 -0.1825]
desired pos:  [-2.1565 -0.4216  1.3614] [-0.12    0.699  -0.0951] [-0.0299  0.8689 -0.1735]
desired pos:  [-2.1594 -0.4191  1.355 ] [-0.1486  0.7244 -0.1588] [-0.0633  0.9035 -0.179 ]
desired pos:  [-2.1614 -0.417   1.3486] [-0.169   0.745  -0.2231] [-0.0854  0.9335 -0.2089]
desired pos:  [-2.1651 -0.4162  1.3468] [-0.2053  0.7529 -0.2414] [-0.1177  0.9519 -0.2433]
desired pos:  [-2.1674 -0.416   1.348 ] [-0.2286  0.755  -0.2289] [-0.1309  0.9648 -0.281 ]
desired pos:  [-2.1705 -0.4166  1.3501] [-0.2599  0.7487 -0.2081] [-0.1471  0.9685 -0.3161]
desired pos:  [-2.1741 -0.4178  1.3522] [-0.2953  0.7366 -0.1869] [-0.1644  0.966  -0.3505]
desired pos:  [-2.1769 -0.4177  1.3548] [-0.3237  0.7382 -0.1604] [-0.1738  0.9771 -0.3797]
desired pos:  [-2.1809 -0.4192  1.3593] [-0.3634  0.7234 -0.1161] [-0.1958  0.9717 -0.391 ]
desired pos:  [-2.1847 -0.4196  1.3648] [-0.4018  0.7188 -0.0607] [-0.2198  0.976  -0.3906]
desired pos:  [-2.1882 -0.4209  1.371 ] [-0.437   0.7063  0.0013] [-0.2466  0.9714 -0.382 ]
desired pos:  [-2.192  -0.4229  1.3782] [-0.4744  0.686   0.0732] [-0.2836  0.9581 -0.3634]
desired pos:  [-2.1958 -0.426   1.3873] [-0.5124  0.655   0.1643] [-0.3308  0.9336 -0.326 ]
desired pos:  [-2.1963 -0.4279  1.3949] [-0.5177  0.6364  0.2402] [-0.3549  0.9211 -0.2963]
desired pos:  [-2.1986 -0.4315  1.4018] [-0.5403  0.6004  0.3091] [-0.4019  0.8907 -0.2441]
desired pos:  [-2.199  -0.4353  1.4056] [-0.5445  0.5624  0.3467] [-0.4305  0.8572 -0.1838]
desired pos:  [-2.2017 -0.4383  1.409 ] [-0.5719  0.5326  0.3811] [-0.4792  0.8311 -0.0997]
desired pos:  [-2.2043 -0.4421  1.4132] [-0.5978  0.4941  0.4226] [-0.5215  0.7962  0.0002]
desired pos:  [-2.2068 -0.4449  1.4141] [-0.623   0.4659  0.4318] [-0.5556  0.7716  0.0653]
desired pos:  [-2.2105 -0.4458  1.4165] [-0.6597  0.4571  0.4564] [-0.5881  0.7659  0.1117]
desired pos:  [-2.2147 -0.4466  1.4247] [-0.7012  0.4494  0.5381] [-0.6047  0.7587  0.1629]
desired pos:  [-2.2211 -0.446   1.4325] [-0.7659  0.4553  0.6164] [-0.6236  0.7587  0.1968]
desired pos:  [-2.2289 -0.4441  1.4397] [-0.8441  0.4739  0.6883] [-0.6426  0.7626  0.2353]
desired pos:  [-2.2375 -0.4417  1.4459] [-0.9293  0.4985  0.75  ] [-0.6627  0.7614  0.2768]
desired pos:  [-2.2453 -0.4381  1.4521] [-1.008   0.5339  0.8123] [-0.6872  0.7596  0.3397]
desired pos:  [-2.2526 -0.4336  1.4564] [-1.0806  0.5794  0.8548] [-0.7431  0.7616  0.4061]
desired pos:  [-2.254  -0.4305  1.457 ] [-1.0941  0.6097  0.861 ] [-0.7868  0.7547  0.4698]
desired pos:  [-2.2542 -0.4276  1.4536] [-1.097   0.6389  0.8276] [-0.8531  0.7587  0.5277]
desired pos:  [-2.2529 -0.4252  1.4475] [-1.0834  0.6631  0.7658] [-0.9276  0.7684  0.5744]
desired pos:  [-2.2509 -0.4231  1.4383] [-1.0632  0.6837  0.6745] [-1.0043  0.7857  0.6024]
desired pos:  [-2.248  -0.4219  1.4263] [-1.035   0.6958  0.5542] [-1.0725  0.8026  0.6059]
desired pos:  [-2.243  -0.4218  1.4142] [-0.9842  0.6975  0.4328] [-1.1301  0.8165  0.5925]
desired pos:  [-2.2365 -0.4217  1.4018] [-0.92    0.6984  0.3089] [-1.1928  0.8388  0.5365]
desired pos:  [-2.2259 -0.4229  1.3918] [-0.8135  0.686   0.2094] [-1.2111  0.8541  0.4673]
desired pos:  [-2.2185 -0.4237  1.3833] [-0.74    0.678   0.1243] [-1.2394  0.8762  0.3872]
desired pos:  [-2.2102 -0.4256  1.3745] [-0.6568  0.6592  0.0357] [-1.2313  0.8877  0.2794]
desired pos:  [-2.1972 -0.4301  1.3594] [-0.5267  0.6141 -0.1146] [-1.159   0.8922  0.0433]
desired pos:  [-2.196  -0.4315  1.3598] [-0.5142  0.6006 -0.1105] [-1.1109  0.8832 -0.0341]
desired pos:  [-2.1904 -0.4339  1.3488] [-0.4591  0.5764 -0.221 ] [-1.0165  0.873  -0.1883]
desired pos:  [-2.1837 -0.4355  1.3405] [-0.392   0.5602 -0.3042] [-0.889   0.8583 -0.2936]
desired pos:  [-2.1792 -0.4365  1.3415] [-0.3468  0.5502 -0.2942] [-0.7745  0.8454 -0.3126]
desired pos:  [-2.1778 -0.4368  1.3421] [-0.3323  0.5467 -0.2883] [-0.6798  0.8344 -0.3357]
desired pos:  [-2.1819 -0.4383  1.3389] [-0.3739  0.5318 -0.3199] [-0.6264  0.8133 -0.3873]
desired pos:  [-2.1887 -0.4406  1.3319] [-0.4417  0.5095 -0.39  ] [-0.5856  0.7918 -0.4637]
desired pos:  [-2.1975 -0.4423  1.328 ] [-0.5301  0.492  -0.4288] [-0.5634  0.7832 -0.4974]
desired pos:  [-2.2066 -0.4442  1.3275] [-0.6204  0.4728 -0.4334] [-0.5586  0.772  -0.4978]
desired pos:  [-2.2142 -0.4445  1.3249] [-0.6968  0.4697 -0.4603] [-0.5654  0.7656 -0.5286]
desired pos:  [-2.2214 -0.445   1.3205] [-0.769   0.465  -0.5039] [-0.5948  0.7484 -0.5853]
desired pos:  [-2.2255 -0.4437  1.3198] [-0.8101  0.4782 -0.5107] [-0.6228  0.7437 -0.6221]
desired pos:  [-2.2293 -0.4436  1.322 ] [-0.8475  0.4794 -0.4887] [-0.6807  0.7253 -0.6407]
desired pos:  [-2.2302 -0.443   1.3235] [-0.8565  0.4853 -0.4735] [-0.7337  0.7164 -0.6525]
desired pos:  [-2.2317 -0.4432  1.3225] [-0.8717  0.4831 -0.4839] [-0.7964  0.7048 -0.6741]
desired pos:  [-2.2323 -0.4434  1.3218] [-0.8778  0.4814 -0.491 ] [-0.8397  0.6964 -0.6909]
desired pos:  [-2.2346 -0.4429  1.3226] [-0.9007  0.4858 -0.483 ] [-0.8851  0.6941 -0.6967]
desired pos:  [-2.2369 -0.4423  1.3254] [-0.9235  0.4922 -0.4553] [-0.9201  0.6919 -0.6908]
desired pos:  [-2.2398 -0.4422  1.3298] [-0.953   0.4933 -0.4107] [-0.9572  0.681  -0.6835]
desired pos:  [-2.2426 -0.4419  1.3358] [-0.9806  0.4958 -0.3508] [-0.9923  0.6683 -0.6734]
desired pos:  [-2.244  -0.4409  1.3413] [-0.9946  0.5058 -0.2959] [-1.0161  0.6615 -0.6716]
desired pos:  [-2.244  -0.4409  1.3472] [-0.9942  0.5065 -0.2365] [-1.0286  0.6456 -0.6658]
desired pos:  [-2.2436 -0.4406  1.3541] [-0.9907  0.509  -0.1678] [-1.0405  0.6328 -0.6507]
desired pos:  [-2.2418 -0.4419  1.3598] [-0.9726  0.4964 -0.111 ] [-1.0375  0.608  -0.6194]
desired pos:  [-2.2398 -0.4432  1.3639] [-0.9528  0.4835 -0.0701] [-1.0312  0.5866 -0.5618]
desired pos:  [-2.238  -0.4429  1.3658] [-0.9343  0.4864 -0.0511] [-1.027   0.5829 -0.5134]
desired pos:  [-2.2352 -0.4431  1.3683] [-0.907   0.4838 -0.0256] [-1.0174  0.5754 -0.4601]
desired pos:  [-2.2325 -0.4427  1.3696] [-0.8799  0.4883 -0.013 ] [-1.0137  0.5769 -0.4217]
desired pos:  [-2.2287 -0.4426  1.3701] [-0.8418  0.4894 -0.0077] [-1.0042  0.5775 -0.3827]
desired pos:  [-2.2251 -0.4431  1.3685] [-0.8053  0.4845 -0.0243] [-0.9984  0.574  -0.346 ]
desired pos:  [-2.2207 -0.443   1.3669] [-0.7621  0.4848 -0.0402] [-0.9862  0.5777 -0.3006]
desired pos:  [-2.2177 -0.4437  1.3638] [-0.7312  0.4778 -0.0712] [-0.9829  0.576  -0.2712]
desired pos:  [-2.2142 -0.4443  1.359 ] [-0.6966  0.4719 -0.1187] [-0.9681  0.5767 -0.2586]
desired pos:  [-2.2107 -0.4463  1.3544] [-0.6614  0.4519 -0.1646] [-0.9452  0.5635 -0.2461]
desired pos:  [-2.208  -0.4478  1.348 ] [-0.6343  0.4375 -0.2285] [-0.9247  0.5551 -0.2523]
desired pos:  [-2.2048 -0.4481  1.3411] [-0.6031  0.4337 -0.2982] [-0.8965  0.5563 -0.2799]
desired pos:  [-2.2024 -0.4503  1.3358] [-0.579   0.4117 -0.3506] [-0.8727  0.5382 -0.3167]
desired pos:  [-2.2003 -0.4511  1.3321] [-0.558  0.404 -0.388] [-0.8489  0.5329 -0.3544]
desired pos:  [-2.1975 -0.4529  1.3294] [-0.5295  0.3866 -0.4154] [-0.8146  0.5163 -0.3933]
desired pos:  [-2.1957 -0.454   1.3277] [-0.5117  0.3749 -0.432 ] [-0.7876  0.5038 -0.4328]
desired pos:  [-2.1942 -0.4563  1.3271] [-0.4962  0.3523 -0.4377] [-0.7598  0.479  -0.4747]
desired pos:  [-2.193  -0.4572  1.3283] [-0.485   0.3436 -0.4255] [-0.7335  0.4666 -0.5118]
desired pos:  [-2.1916 -0.4587  1.3304] [-0.4701  0.3278 -0.4051] [-0.7016  0.4461 -0.5471]
desired pos:  [-2.1903 -0.4593  1.3323] [-0.4573  0.3221 -0.3856] [-0.6713  0.4352 -0.5842]
desired pos:  [-2.1897 -0.4601  1.336 ] [-0.4514  0.3137 -0.349 ] [-0.6476  0.4217 -0.6043]
desired pos:  [-2.1899 -0.4612  1.3406] [-0.4538  0.3029 -0.3031] [-0.632   0.4064 -0.6155]
desired pos:  [-2.1904 -0.4624  1.3457] [-0.4583  0.2911 -0.2521] [-0.6179  0.3909 -0.6165]
desired pos:  [-2.19   -0.4641  1.3499] [-0.4548  0.2741 -0.2094] [-0.5955  0.3714 -0.6103]
desired pos:  [-2.1912 -0.4653  1.3537] [-0.4664  0.2623 -0.1714] [-0.5878  0.358  -0.586 ]
desired pos:  [-2.1937 -0.4667  1.3568] [-0.4917  0.2483 -0.1405] [-0.5916  0.343  -0.5585]
desired pos:  [-2.196  -0.4679  1.3603] [-0.5147  0.2365 -0.1064] [-0.5876  0.3301 -0.5378]
desired pos:  [-2.1994 -0.4686  1.3653] [-0.5486  0.2288 -0.0559] [-0.5886  0.3207 -0.507 ]
desired pos:  [-2.2031 -0.4699  1.3716] [-0.5859  0.2159  0.0076] [-0.5858  0.3041 -0.4683]
desired pos:  [-2.2085 -0.4698  1.3784] [-0.6397  0.2169  0.0755] [-0.5893  0.298  -0.4366]
desired pos:  [-2.2143 -0.4691  1.3862] [-0.6976  0.224   0.1527] [-0.5891  0.2927 -0.3947]
desired pos:  [-2.2214 -0.469   1.3945] [-0.7689  0.2248  0.2365] [-0.602   0.2732 -0.3337]
desired pos:  [-2.2265 -0.4659  1.4011] [-0.8199  0.2563  0.3017] [-0.6103  0.2749 -0.2816]
desired pos:  [-2.2293 -0.4627  1.4108] [-0.8481  0.2881  0.3986] [-0.6316  0.2716 -0.2052]
desired pos:  [-2.23   -0.4587  1.4222] [-0.8541  0.3283  0.5134] [-0.6656  0.2833 -0.1089]
desired pos:  [-2.2291 -0.4548  1.4296] [-0.8451  0.3676  0.5869] [-0.7049  0.3045 -0.0166]
desired pos:  [-2.2302 -0.4524  1.431 ] [-0.8562  0.3909  0.6011] [-0.7588  0.3217  0.069 ]
desired pos:  [-2.2292 -0.4498  1.4311] [-0.847   0.4168  0.6017] [-0.7986  0.3482  0.1422]
desired pos:  [-2.2293 -0.4469  1.4329] [-0.848   0.4458  0.6205] [-0.8495  0.3867  0.2363]
desired pos:  [-2.229  -0.4449  1.4325] [-0.8442  0.4658  0.6161] [-0.8894  0.4268  0.313 ]
desired pos:  [-2.2292 -0.4442  1.4294] [-0.8464  0.4727  0.5851] [-0.925   0.4663  0.36  ]
desired pos:  [-2.2283 -0.4454  1.4246] [-0.8375  0.461   0.5375] [-0.9346  0.4965  0.3805]
desired pos:  [-2.2293 -0.4475  1.4214] [-0.848   0.4398  0.5046] [-0.9466  0.5223  0.3856]
desired pos:  [-2.23   -0.4504  1.417 ] [-0.8542  0.4115  0.461 ] [-0.95    0.5353  0.3732]
desired pos:  [-2.2304 -0.4528  1.4099] [-0.8589  0.3869  0.3898] [-0.9609  0.5393  0.3539]
desired pos:  [-2.2277 -0.4563  1.4048] [-0.832   0.3525  0.3391] [-0.9608  0.5314  0.3258]
desired pos:  [-2.2234 -0.4593  1.4031] [-0.7881  0.3224  0.3218] [-0.9658  0.5253  0.2977]
desired pos:  [-2.2179 -0.4626  1.4017] [-0.7337  0.2891  0.3085] [-0.9765  0.5125  0.2551]
desired pos:  [-2.2105 -0.4661  1.399 ] [-0.6597  0.2545  0.281 ] [-0.9683  0.4935  0.1925]
press 3 button to land
[-2.2401 -0.4424  1.3869]
[-2.4798 -0.3246  0.6875]
