Warning: No joystick found!
crazyflie id: 1
100000000.0 8
loading model :  diff-mpc-nn_FlyingCartpole_obstacles_lr1e3_ineqfix_innerdeqinpGN_andersongoodgradlast_phontom3ReLU_03sdata_qpsolve_gradclip2_noemb_Q10-10-80-1-1R1e8_constraintexps_ub03obsr04_T5_bsz200_deq_iter1_hdim1024_valfrac1.0
press 1 button to takeoff
crazyflie position: [-2.4622 -0.9043  0.7542]
crazyflie position: [-2.4622 -0.9043  0.7542]
crazyflie position: [-2.4622 -0.9043  0.7542]
crazyflie position: [-2.4622 -0.9043  0.7542]
crazyflie position: [-2.4622 -0.9043  0.7542]
crazyflie position: [-2.4622 -0.9043  0.7542]
crazyflie position: [-2.4622 -0.9043  0.7542]
1press 2 button to run DEQ-MPC scenerio
2desired pos:  [-2.4795 -0.8973  0.9601] [-4.     -3.9996 -3.9745] [-4. -4. -4.]
desired pos:  [-2.4736 -0.8958  0.9693] [-3.9409 -3.9842 -3.8826] [-3.9416 -3.99   -3.9604]
desired pos:  [-2.4725 -0.8941  0.9735] [-3.9299 -3.9673 -3.8402] [-3.9366 -3.9865 -3.971 ]
desired pos:  [-2.4711 -0.8918  0.9721] [-3.9155 -3.9445 -3.8543] [-3.9395 -3.9824 -4.0354]
desired pos:  [-2.4685 -0.889   0.97  ] [-3.89   -3.9164 -3.8755] [-3.9438 -3.9762 -4.1006]
desired pos:  [-2.4653 -0.886   0.968 ] [-3.8576 -3.8866 -3.8954] [-3.9531 -3.9705 -4.1579]
desired pos:  [-2.4618 -0.8821  0.9674] [-3.8225 -3.8478 -3.9011] [-3.9706 -3.9574 -4.1955]
desired pos:  [-2.4574 -0.8781  0.969 ] [-3.7788 -3.8072 -3.8856] [-3.9881 -3.9443 -4.2064]
desired pos:  [-2.4515 -0.8734  0.9704] [-3.72   -3.7604 -3.8715] [-3.9967 -3.9271 -4.2143]
desired pos:  [-2.4448 -0.8682  0.9708] [-3.6521 -3.7085 -3.8671] [-3.9999 -3.9078 -4.2285]
desired pos:  [-2.4371 -0.8623  0.9711] [-3.5758 -3.65   -3.8641] [-3.9954 -3.885  -4.2422]
desired pos:  [-2.4288 -0.8561  0.9719] [-3.4927 -3.5879 -3.8562] [-3.9814 -3.8608 -4.2512]
desired pos:  [-2.4202 -0.8497  0.9741] [-3.4068 -3.5232 -3.8343] [-3.959  -3.8342 -4.2497]
desired pos:  [-2.4105 -0.8423  0.9772] [-3.3092 -3.4494 -3.8036] [-3.9179 -3.7958 -4.2433]
desired pos:  [-2.401  -0.8357  0.981 ] [-3.2141 -3.3835 -3.765 ] [-3.873  -3.7607 -4.2357]
desired pos:  [-2.3904 -0.8284  0.9863] [-3.1082 -3.3104 -3.7119] [-3.8106 -3.7126 -4.2226]
desired pos:  [-2.3797 -0.8205  0.9929] [-3.0013 -3.2313 -3.6457] [-3.7372 -3.653  -4.202 ]
desired pos:  [-2.3699 -0.8128  0.9998] [-2.9032 -3.1548 -3.5774] [-3.6582 -3.592  -4.1745]
desired pos:  [-2.3606 -0.8046  1.0077] [-2.8103 -3.0728 -3.4981] [-3.5688 -3.522  -4.1354]
desired pos:  [-2.3541 -0.7985  1.012 ] [-2.7452 -3.0113 -3.4549] [-3.4712 -3.4472 -4.0826]
desired pos:  [-2.3446 -0.7884  1.0198] [-2.6508 -2.9109 -3.3773] [-3.3751 -3.3711 -4.0241]
desired pos:  [-2.3374 -0.7793  1.0276] [-2.5786 -2.8198 -3.2992] [-3.2747 -3.2851 -3.959 ]
desired pos:  [-2.3289 -0.7699  1.0327] [-2.4941 -2.7253 -3.2481] [-3.1707 -3.1973 -3.8961]
desired pos:  [-2.3203 -0.7608  1.0399] [-2.408  -2.6344 -3.176 ] [-3.071  -3.1135 -3.8283]
desired pos:  [-2.3118 -0.7508  1.0527] [-2.3224 -2.5343 -3.0482] [-2.9702 -3.0215 -3.7577]
desired pos:  [-2.3116 -0.7388  1.0641] [-2.3209 -2.4144 -2.9338] [-2.8762 -2.93   -3.689 ]
desired pos:  [-2.3029 -0.7299  1.068 ] [-2.2335 -2.326  -2.8956] [-2.7917 -2.8486 -3.6263]
desired pos:  [-2.3043 -0.7151  1.0673] [-2.2479 -2.1779 -2.9024] [-2.6971 -2.7546 -3.5421]
desired pos:  [-2.3039 -0.7005  1.0598] [-2.2434 -2.0317 -2.9769] [-2.6006 -2.65   -3.4387]
desired pos:  [-2.3056 -0.6843  1.0564] [-2.2604 -1.8697 -3.0117] [-2.508  -2.5411 -3.3429]
desired pos:  [-2.309  -0.6696  1.0583] [-2.2944 -1.7221 -2.9924] [-2.4249 -2.4277 -3.2858]
desired pos:  [-2.3106 -0.6574  1.0594] [-2.3104 -1.6007 -2.9811] [-2.355  -2.3081 -3.2776]
desired pos:  [-2.3094 -0.6463  1.0577] [-2.2982 -1.4894 -2.9981] [-2.3021 -2.1796 -3.2941]
desired pos:  [-2.3066 -0.6356  1.0568] [-2.271  -1.3831 -3.0072] [-2.2694 -2.0463 -3.3049]
desired pos:  [-2.3032 -0.6248  1.0594] [-2.2366 -1.2744 -2.9813] [-2.2555 -1.9065 -3.3033]
desired pos:  [-2.2997 -0.6156  1.063 ] [-2.2013 -1.1828 -2.9449] [-2.2549 -1.7874 -3.3002]
desired pos:  [-2.2963 -0.6059  1.0661] [-2.1678 -1.086  -2.9138] [-2.2596 -1.6659 -3.303 ]
desired pos:  [-2.2927 -0.5991  1.0693] [-2.1313 -1.0173 -2.8823] [-2.2595 -1.5737 -3.3062]
desired pos:  [-2.2896 -0.5918  1.0732] [-2.1009 -0.9449 -2.8431] [-2.2624 -1.4784 -3.3037]
desired pos:  [-2.2869 -0.5855  1.0781] [-2.0735 -0.8819 -2.7942] [-2.2649 -1.3929 -3.2943]
desired pos:  [-2.2835 -0.5778  1.0841] [-2.0395 -0.8049 -2.7338] [-2.2583 -1.294  -3.2761]
desired pos:  [-2.2767 -0.563   1.0984] [-1.9718 -0.6571 -2.5909] [-2.2404 -1.1052 -3.2218]
desired pos:  [-2.2733 -0.5561  1.1064] [-1.9373 -0.5871 -2.5112] [-2.2305 -1.0164 -3.188 ]
desired pos:  [-2.2721 -0.5521  1.107 ] [-1.9252 -0.5481 -2.5051] [-2.2414 -0.9587 -3.2238]
desired pos:  [-2.2744 -0.5586  1.1053] [-1.9483 -0.613  -2.5226] [-2.2844 -1.0008 -3.2816]
desired pos:  [-2.2772 -0.5684  1.111 ] [-1.9768 -0.7111 -2.4649] [-2.3276 -1.0683 -3.2587]
desired pos:  [-2.2771 -0.5731  1.1213] [-1.976  -0.7575 -2.3623] [-2.3346 -1.0774 -3.1759]
desired pos:  [-2.2757 -0.5741  1.1327] [-1.9612 -0.7673 -2.2477] [-2.3217 -1.0463 -3.0675]
desired pos:  [-2.2693 -0.5669  1.1481] [-1.8978 -0.6961 -2.0938] [-2.2598 -0.9335 -2.9122]
desired pos:  [-2.2618 -0.5586  1.1577] [-1.8225 -0.613  -1.9978] [-2.1926 -0.8097 -2.8228]
desired pos:  [-2.2538 -0.5494  1.1685] [-1.7431 -0.5203 -1.8902] [-2.132  -0.6799 -2.7426]
desired pos:  [-2.244  -0.5379  1.1849] [-1.6447 -0.4056 -1.7257] [-2.0594 -0.5365 -2.6213]
desired pos:  [-2.235  -0.528   1.2042] [-1.5549 -0.3063 -1.5329] [-1.9953 -0.4187 -2.4735]
desired pos:  [-2.2291 -0.5213  1.2205] [-1.4957 -0.2399 -1.37  ] [-1.9556 -0.3426 -2.3555]
desired pos:  [-2.2223 -0.5104  1.251 ] [-1.4273 -0.1304 -1.0649] [-1.8976 -0.2324 -2.1371]
desired pos:  [-2.218  -0.5047  1.2682] [-1.3849 -0.0732 -0.8933] [-1.8454 -0.1812 -2.0002]
desired pos:  [-2.2172 -0.5077  1.2756] [-1.3763 -0.1034 -0.8191] [-1.8174 -0.2183 -1.9805]
desired pos:  [-2.218  -0.5182  1.2847] [-1.3845 -0.2091 -0.7285] [-1.7984 -0.3295 -1.9428]
desired pos:  [-2.219  -0.5246  1.3106] [-1.3943 -0.2726 -0.4693] [-1.7724 -0.3971 -1.7357]
desired pos:  [-2.2192 -0.5223  1.3405] [-1.3969 -0.2493 -0.1703] [-1.7378 -0.3757 -1.4368]
desired pos:  [-2.2189 -0.5149  1.3578] [-1.3937 -0.1752  0.0029] [-1.6797 -0.279  -1.1902]
desired pos:  [-2.2197 -0.5015  1.3785] [-1.4014 -0.0416  0.2101] [-1.6166 -0.1572 -1.0104]
desired pos:  [-2.2206 -0.4903  1.3949] [-1.4104  0.0707  0.3743] [-1.5553 -0.0385 -0.7989]
desired pos:  [-2.2221 -0.4801  1.4139] [-1.4256  0.1724  0.5638] [-1.5097  0.0564 -0.5598]
desired pos:  [-2.2241 -0.4711  1.4347] [-1.4453  0.2621  0.7721] [-1.4821  0.1328 -0.3295]
desired pos:  [-2.2255 -0.4646  1.4525] [-1.4594  0.3277  0.9497] [-1.4751  0.1891 -0.1226]
desired pos:  [-2.2263 -0.4594  1.4644] [-1.4679  0.3797  1.0693] [-1.4795  0.2374  0.0355]
desired pos:  [-2.2277 -0.4536  1.4798] [-1.4811  0.4373  1.2233] [-1.4982  0.2967  0.2323]
desired pos:  [-2.2293 -0.4473  1.4957] [-1.4978  0.4999  1.3821] [-1.5253  0.3663  0.441 ]
desired pos:  [-2.2312 -0.441   1.5087] [-1.5168  0.563   1.5117] [-1.5529  0.4426  0.6284]
desired pos:  [-2.2342 -0.4357  1.5182] [-1.547   0.6165  1.607 ] [-1.5835  0.5179  0.7852]
desired pos:  [-2.2386 -0.4325  1.5247] [-1.5907  0.6489  1.6715] [-1.6164  0.5814  0.9191]
desired pos:  [-2.2431 -0.4297  1.5311] [-1.6359  0.6767  1.7363] [-1.6374  0.6539  1.0541]
desired pos:  [-2.2499 -0.4288  1.5405] [-1.7041  0.6856  1.8296] [-1.6715  0.7237  1.1979]
desired pos:  [-2.2546 -0.4294  1.5485] [-1.7509  0.6795  1.9094] [-1.6975  0.7844  1.3125]
desired pos:  [-2.2574 -0.4309  1.5531] [-1.7783  0.6647  1.9556] [-1.7338  0.8329  1.4001]
desired pos:  [-2.2592 -0.4315  1.5535] [-1.7969  0.6584  1.9599] [-1.7755  0.8751  1.4786]
desired pos:  [-2.261  -0.4315  1.5519] [-1.8147  0.6583  1.9435] [-1.823   0.911   1.5553]
desired pos:  [-2.2637 -0.4321  1.5505] [-1.8417  0.6525  1.9303] [-1.878   0.9372  1.6297]
desired pos:  [-2.2658 -0.434   1.5465] [-1.8625  0.6338  1.8901] [-1.9206  0.947   1.6692]
desired pos:  [-2.269  -0.4356  1.5426] [-1.8943  0.6177  1.8504] [-1.967   0.9577  1.6919]
desired pos:  [-2.2735 -0.439   1.5386] [-1.9393  0.5838  1.8109] [-2.0256  0.9507  1.6994]
desired pos:  [-2.2784 -0.4427  1.532 ] [-1.9884  0.5464  1.7452] [-2.097   0.9385  1.692 ]
desired pos:  [-2.2803 -0.4448  1.5205] [-2.0072  0.5249  1.6299] [-2.1412  0.9243  1.6701]
desired pos:  [-2.2819 -0.4493  1.5035] [-2.0235  0.4804  1.4601] [-2.19    0.9011  1.6327]
desired pos:  [-2.2814 -0.4534  1.4936] [-2.0184  0.4392  1.3611] [-2.2394  0.8727  1.5824]
desired pos:  [-2.2827 -0.4573  1.4827] [-2.0317  0.4     1.2518] [-2.2905  0.8354  1.5134]
desired pos:  [-2.2854 -0.4607  1.4682] [-2.0589  0.3667  1.1073] [-2.3317  0.7962  1.4118]
desired pos:  [-2.2892 -0.4643  1.4524] [-2.097   0.3309  0.9492] [-2.3668  0.7492  1.2909]
desired pos:  [-2.2948 -0.4666  1.4406] [-2.153   0.3078  0.8311] [-2.4068  0.7088  1.1705]
desired pos:  [-2.2993 -0.4696  1.4288] [-2.1976  0.2777  0.7128] [-2.4321  0.6587  1.0395]
desired pos:  [-2.3028 -0.471   1.4135] [-2.2326  0.2629  0.5594] [-2.4585  0.6244  0.9058]
desired pos:  [-2.3035 -0.4716  1.3964] [-2.2392  0.2578  0.3889] [-2.4791  0.5944  0.7585]
desired pos:  [-2.2993 -0.4713  1.3817] [-2.1981  0.26    0.2421] [-2.4909  0.5615  0.6236]
desired pos:  [-2.2928 -0.4701  1.3673] [-2.133   0.2727  0.0979] [-2.5165  0.5352  0.4878]
desired pos:  [-2.2837 -0.469   1.3544] [-2.0412  0.2832 -0.0308] [-2.5322  0.5127  0.3722]
desired pos:  [-2.2746 -0.4681  1.3415] [-1.9506  0.2928 -0.1603] [-2.5503  0.4961  0.2472]
desired pos:  [-2.2654 -0.4676  1.3288] [-1.8589  0.2978 -0.2869] [-2.5527  0.4811  0.1123]
desired pos:  [-2.2577 -0.4672  1.3169] [-1.7812  0.3015 -0.4065] [-2.5448  0.4696 -0.0292]
desired pos:  [-2.2506 -0.4676  1.3042] [-1.7103  0.2973 -0.5331] [-2.5157  0.4535 -0.1934]
desired pos:  [-2.2441 -0.4674  1.2937] [-1.6459  0.2993 -0.6378] [-2.4663  0.4454 -0.345 ]
desired pos:  [-2.2364 -0.4671  1.2831] [-1.5683  0.3023 -0.7443] [-2.3798  0.4389 -0.5007]
desired pos:  [-2.2312 -0.4662  1.2717] [-1.5163  0.3118 -0.8585] [-2.3037  0.4413 -0.6096]
desired pos:  [-2.2249 -0.4648  1.2539] [-1.4531  0.3252 -1.0365] [-2.2097  0.4404 -0.7312]
desired pos:  [-2.2183 -0.4625  1.2392] [-1.388   0.3484 -1.1828] [-2.1023  0.442  -0.8564]
desired pos:  [-2.2126 -0.4598  1.2296] [-1.3309  0.3756 -1.2794] [-1.9987  0.4498 -0.9794]
desired pos:  [-2.2084 -0.4572  1.2208] [-1.2891  0.4016 -1.3669] [-1.9049  0.4638 -1.1084]
desired pos:  [-2.2053 -0.455   1.2109] [-1.258   0.4232 -1.4666] [-1.8106  0.4801 -1.2492]
desired pos:  [-2.2063 -0.4538  1.2031] [-1.2673  0.4351 -1.5443] [-1.7455  0.4924 -1.3632]
desired pos:  [-2.2062 -0.4516  1.1952] [-1.2663  0.4574 -1.6228] [-1.6642  0.5189 -1.473 ]
desired pos:  [-2.2078 -0.4504  1.1891] [-1.2829  0.4699 -1.684 ] [-1.6012  0.5377 -1.5658]
desired pos:  [-2.2074 -0.4473  1.1815] [-1.2785  0.5    -1.7605] [-1.5256  0.5742 -1.6779]
desired pos:  [-2.2075 -0.4451  1.1768] [-1.2793  0.5224 -1.807 ] [-1.4699  0.6024 -1.7632]
desired pos:  [-2.2077 -0.4436  1.1754] [-1.2818  0.5371 -1.8207] [-1.4335  0.6222 -1.8188]
desired pos:  [-2.205  -0.4408  1.1718] [-1.2548  0.5654 -1.8576] [-1.3848  0.6555 -1.9019]
desired pos:  [-2.2037 -0.4394  1.1717] [-1.2414  0.5795 -1.8586] [-1.365   0.6747 -1.953 ]
desired pos:  [-2.201  -0.4384  1.1723] [-1.2147  0.5899 -1.8518] [-1.3439  0.6908 -1.998 ]
desired pos:  [-2.1979 -0.4371  1.1735] [-1.1836  0.6025 -1.84  ] [-1.327   0.7096 -2.0382]
desired pos:  [-2.1943 -0.4359  1.1751] [-1.1476  0.6149 -1.8239] [-1.3102  0.7284 -2.0744]
desired pos:  [-2.1912 -0.4345  1.1776] [-1.117   0.6287 -1.7994] [-1.3005  0.7484 -2.1029]
desired pos:  [-2.1872 -0.4343  1.182 ] [-1.0768  0.6304 -1.7547] [-1.2803  0.7557 -2.1123]
desired pos:  [-2.1833 -0.4325  1.187 ] [-1.0377  0.6481 -1.7053] [-1.2585  0.7775 -2.1188]
desired pos:  [-2.1797 -0.4314  1.193 ] [-1.0019  0.6593 -1.6454] [-1.2368  0.791  -2.1163]
desired pos:  [-2.1751 -0.43    1.2012] [-0.9552  0.6737 -1.5632] [-1.2009  0.8055 -2.0921]
desired pos:  [-2.1703 -0.4277  1.2091] [-0.9079  0.6966 -1.4844] [-1.1626  0.8263 -2.0629]
desired pos:  [-2.1658 -0.4262  1.216 ] [-0.8628  0.7115 -1.4154] [-1.126   0.8379 -2.0122]
desired pos:  [-2.1619 -0.4249  1.2182] [-0.8235  0.724  -1.3934] [-1.0967  0.8471 -1.9677]
desired pos:  [-2.156  -0.4232  1.2222] [-0.7645  0.7413 -1.3535] [-1.0545  0.8608 -1.9028]
desired pos:  [-2.1481 -0.4213  1.2315] [-0.6854  0.7607 -1.2598] [-1.0053  0.8759 -1.8161]
desired pos:  [-2.141  -0.4201  1.2407] [-0.6143  0.7726 -1.1679] [-0.9769  0.8824 -1.7605]
desired pos:  [-2.1303 -0.4183  1.2521] [-0.5073  0.7908 -1.0543] [-0.9196  0.8944 -1.6936]
desired pos:  [-2.1211 -0.4159  1.2619] [-0.4154  0.8145 -0.9557] [-0.8764  0.9109 -1.6415]
desired pos:  [-2.1119 -0.4133  1.272 ] [-0.3237  0.8402 -0.8554] [-0.8281  0.9292 -1.5783]
desired pos:  [-2.1027 -0.4116  1.2833] [-0.2316  0.8578 -0.7425] [-0.7698  0.9405 -1.4756]
desired pos:  [-2.0938 -0.4096  1.2921] [-0.1424  0.8774 -0.6545] [-0.7042  0.9562 -1.3641]
desired pos:  [-2.087  -0.4076  1.2946] [-0.0745  0.8975 -0.6295] [-0.6518  0.9748 -1.2899]
desired pos:  [-2.0782 -0.4058  1.3008] [ 0.013   0.9155 -0.5668] [-0.5735  0.9939 -1.1726]
desired pos:  [-2.07   -0.404   1.3052] [ 0.0951  0.9332 -0.5235] [-0.4924  1.0159 -1.0774]
desired pos:  [-2.0615 -0.4023  1.31  ] [ 0.18    0.9509 -0.4754] [-0.3971  1.0413 -0.9749]
desired pos:  [-2.0548 -0.4005  1.3125] [ 0.2478  0.9687 -0.4503] [-0.3059  1.0706 -0.9011]
desired pos:  [-2.0507 -0.4     1.3178] [ 0.2888  0.9732 -0.3975] [-0.2183  1.0945 -0.8441]
desired pos:  [-2.0489 -0.4017  1.3265] [ 0.3066  0.9568 -0.3106] [-0.1311  1.1047 -0.7844]
desired pos:  [-2.0485 -0.4016  1.3325] [ 0.3103  0.9577 -0.25  ] [-0.0511  1.1342 -0.7439]
desired pos:  [-2.0479 -0.403   1.3392] [ 0.316   0.9438 -0.1828] [ 0.0282  1.15   -0.6958]
desired pos:  [-2.0471 -0.4038  1.3474] [ 0.3242  0.9356 -0.1008] [ 0.0968  1.1711 -0.6344]
desired pos:  [-2.0475 -0.4065  1.3546] [ 0.3203  0.9081 -0.0295] [ 0.1356  1.1721 -0.5866]
desired pos:  [-2.046  -0.4082  1.3637] [0.3351 0.8911 0.0614] [ 0.1798  1.1815 -0.5238]
desired pos:  [-2.0448 -0.4101  1.372 ] [0.3472 0.8721 0.1447] [ 0.2169  1.1864 -0.471 ]
desired pos:  [-2.0437 -0.4127  1.378 ] [0.3581 0.8465 0.2053] [ 0.2501  1.1786 -0.3955]
desired pos:  [-2.043  -0.416   1.3803] [0.3659 0.813  0.2274] [ 0.2782  1.1579 -0.3159]
desired pos:  [-2.0421 -0.4201  1.3845] [0.374  0.7724 0.2695] [ 0.3058  1.1324 -0.2273]
desired pos:  [-2.0405 -0.4248  1.3876] [0.3902 0.7258 0.3009] [ 0.3296  1.1046 -0.1556]
desired pos:  [-2.0385 -0.4281  1.3868] [0.4104 0.6919 0.2924] [ 0.3447  1.0774 -0.0912]
desired pos:  [-2.0343 -0.4346  1.3861] [0.4529 0.627  0.286 ] [ 0.345   1.0409 -0.036 ]
desired pos:  [-2.03   -0.4393  1.3832] [0.495  0.5805 0.2572] [ 0.3486  1.0094 -0.0016]
desired pos:  [-2.0289 -0.4438  1.3808] [0.5067 0.5353 0.2328] [0.3473 0.9707 0.0219]
desired pos:  [-2.0308 -0.4479  1.3792] [0.4873 0.4945 0.2166] [0.3352 0.9272 0.0301]
desired pos:  [-2.0324 -0.4516  1.3765] [0.4711 0.4575 0.1899] [0.3344 0.8794 0.027 ]
desired pos:  [-2.0332 -0.4543  1.3741] [0.4634 0.4301 0.1657] [0.3431 0.8358 0.0185]
desired pos:  [-2.0348 -0.4564  1.3728] [0.4471 0.4096 0.1527] [0.346  0.7949 0.    ]
desired pos:  [-2.0368 -0.4586  1.3729] [0.4275 0.3872 0.1534] [ 0.3502  0.7497 -0.0195]
desired pos:  [-2.0399 -0.4597  1.3746] [0.3961 0.3765 0.1707] [ 0.3474  0.7152 -0.0307]
desired pos:  [-2.0433 -0.4599  1.377 ] [0.3623 0.3742 0.1949] [ 0.3468  0.6881 -0.0454]
desired pos:  [-2.0471 -0.4624  1.3796] [0.3246 0.3493 0.2212] [ 0.3449  0.6377 -0.0637]
desired pos:  [-2.0514 -0.4626  1.3832] [0.2816 0.3473 0.2571] [ 0.3383  0.6104 -0.0723]
desired pos:  [-2.0553 -0.4642  1.3876] [0.2424 0.3319 0.3007] [ 0.3355  0.5701 -0.0739]
desired pos:  [-2.0593 -0.4628  1.3926] [0.2025 0.345  0.3507] [ 0.3315  0.5593 -0.0686]
desired pos:  [-2.0637 -0.4638  1.3991] [0.1588 0.3358 0.4156] [ 0.3239  0.5269 -0.0474]
desired pos:  [-2.0683 -0.4639  1.4059] [0.1128 0.3344 0.4839] [ 0.3149  0.503  -0.0216]
desired pos:  [-2.0744 -0.464   1.4142] [0.0518 0.3331 0.5669] [0.2919 0.4797 0.0222]
desired pos:  [-2.0795 -0.4649  1.4187] [0.     0.3244 0.6119] [0.2698 0.4534 0.0766]
desired pos:  [-2.0843 -0.4648  1.419 ] [-0.0473  0.3254  0.6151] [0.2398 0.4408 0.1373]
desired pos:  [-2.0883 -0.4647  1.4188] [-0.0872  0.326   0.6126] [0.2069 0.4272 0.193 ]
desired pos:  [-2.0919 -0.4648  1.42  ] [-0.1236  0.3252  0.6245] [0.1617 0.4121 0.2604]
desired pos:  [-2.0944 -0.4641  1.4188] [-0.1486  0.332   0.6131] [0.1061 0.4066 0.309 ]
desired pos:  [-2.093  -0.4642  1.4167] [-0.1348  0.3312  0.5914] [0.0554 0.398  0.3349]
desired pos:  [-2.088  -0.465   1.4169] [-0.0841  0.3233  0.5941] [-0.      0.3919  0.3547]
desired pos:  [-2.0808 -0.467   1.4171] [-0.0124  0.303   0.5955] [-0.052   0.3858  0.3694]
desired pos:  [-2.0733 -0.4706  1.4149] [0.0623 0.2672 0.5739] [-0.0936  0.3733  0.3692]
desired pos:  [-2.0657 -0.4734  1.4134] [0.1385 0.2395 0.5588] [-0.119   0.3732  0.3682]
desired pos:  [-2.0588 -0.477   1.4127] [0.2073 0.2038 0.5519] [-0.1333  0.3677  0.3646]
desired pos:  [-2.053  -0.4803  1.4135] [0.2652 0.1702 0.5594] [-0.1366  0.3638  0.3574]
desired pos:  [-2.0474 -0.4841  1.4156] [0.3211 0.1326 0.5813] [-0.1169  0.3527  0.3427]
desired pos:  [-2.0422 -0.4879  1.4195] [0.3734 0.0946 0.6197] [-0.0712  0.3344  0.3307]
desired pos:  [-2.0398 -0.4899  1.4234] [0.397  0.0743 0.6592] [-0.0095  0.3186  0.325 ]
desired pos:  [-2.0387 -0.4927  1.4288] [0.4084 0.0459 0.7125] [0.0474 0.3002 0.3348]
desired pos:  [-2.0386 -0.4952  1.4315] [0.4099 0.0211 0.7394] [0.1088 0.2737 0.3514]
desired pos:  [-2.0377 -0.4983  1.4324] [ 0.4183 -0.0094  0.7489] [0.1595 0.2403 0.3756]
desired pos:  [-2.037  -0.5005  1.431 ] [ 0.4251 -0.032   0.7344] [0.2033 0.2122 0.4156]
desired pos:  [-2.0401 -0.5022  1.4331] [ 0.3941 -0.0483  0.7563] [0.2321 0.1823 0.4502]
desired pos:  [-2.0455 -0.5029  1.4378] [ 0.3402 -0.0553  0.803 ] [0.2566 0.1529 0.4767]
desired pos:  [-2.0522 -0.5028  1.439 ] [ 0.2739 -0.0545  0.8145] [0.2715 0.1272 0.4837]
desired pos:  [-2.0588 -0.5021  1.4391] [ 0.2073 -0.0481  0.8161] [0.2885 0.1039 0.4892]
desired pos:  [-2.0669 -0.5013  1.4411] [ 0.1261 -0.04    0.8355] [0.2932 0.0773 0.5086]
desired pos:  [-2.076  -0.4999  1.4432] [ 0.035  -0.0255  0.8567] [0.2822 0.0544 0.5338]
desired pos:  [-2.0823 -0.4989  1.4407] [-0.0274 -0.0152  0.8319] [0.2697 0.0358 0.5519]
desired pos:  [-2.0883 -0.4983  1.4357] [-0.0872 -0.0095  0.7822] [0.2338 0.0205 0.5633]
desired pos:  [-2.0929 -0.4973  1.4319] [-0.1335 -0.      0.7439] [0.2016 0.0119 0.5738]
press 3 button to land
[-2.0661 -0.4963  1.4158]
[-2.3586 -0.4022  0.77  ]
