Warning: No joystick found!
crazyflie id: 1
100000000.0 8
loading model :  deq-mpc_FlyingCartpole_obstacles_lr1e3_ineqfix_innerdeqinpGN_andersongoodgradlast_phontom3ReLU_03sdata_qpsolve_gradclip2_noemb_Q10-10-80-1-1R1e8_ub03obsr04_again_T5_bsz200_deq_iter6_hdim1024_valfrac1.0
press 1 button to takeoff
crazyflie position: [-2.5284 -0.8089  0.754 ]
crazyflie position: [-2.5284 -0.8089  0.754 ]
crazyflie position: [-2.5284 -0.8089  0.7539]
crazyflie position: [-2.5284 -0.8089  0.7539]
crazyflie position: [-2.5284 -0.8089  0.754 ]
crazyflie position: [-2.5284 -0.8089  0.754 ]
crazyflie position: [-2.5284 -0.8089  0.754 ]
crazyflie position: [-2.5284 -0.8089  0.7539]
crazyflie position: [-2.5284 -0.8089  0.7539]
1press 2 button to run DEQ-MPC scenerio
2desired pos:  [-2.5606 -0.8066  0.9751] [-4.0908 -1.382  -3.7044] [-4.0909 -1.382  -3.7326]
desired pos:  [-2.5575 -0.7976  0.9818] [-4.0599 -1.2927 -3.6374] [-4.0618 -1.2927 -3.7229]
desired pos:  [-2.5561 -0.7973  0.987 ] [-4.0466 -1.289  -3.5854] [-4.054  -1.2891 -3.7292]
desired pos:  [-2.555  -0.7965  0.9895] [-4.0357 -1.2811 -3.5605] [-4.0535 -1.2819 -3.7618]
desired pos:  [-2.5545 -0.7952  0.9908] [-4.03   -1.2688 -3.5482] [-4.0636 -1.2708 -3.8054]
desired pos:  [-2.5548 -0.7924  0.9922] [-4.0328 -1.2407 -3.5333] [-4.0882 -1.245  -3.8456]
desired pos:  [-2.5554 -0.7888  0.9983] [-4.0396 -1.2047 -3.4731] [-4.1237 -1.2126 -3.8395]
desired pos:  [-2.5559 -0.7848  1.0059] [-4.044  -1.164  -3.3972] [-4.1644 -1.1768 -3.8157]
desired pos:  [-2.5541 -0.7816  1.0123] [-4.0264 -1.1318 -3.3329] [-4.1931 -1.1514 -3.8003]
desired pos:  [-2.5522 -0.7775  1.02  ] [-4.0073 -1.0912 -3.2562] [-4.2326 -1.1193 -3.7677]
desired pos:  [-2.5465 -0.7748  1.0271] [-3.9504 -1.0643 -3.1845] [-4.2494 -1.1033 -3.7326]
desired pos:  [-2.5385 -0.7713  1.0351] [-3.8704 -1.0288 -3.1047] [-4.2585 -1.0811 -3.6785]
desired pos:  [-2.5286 -0.7679  1.0431] [-3.7714 -0.9952 -3.0245] [-4.2615 -1.0638 -3.6114]
desired pos:  [-2.5167 -0.7641  1.0512] [-3.6521 -0.9576 -2.9438] [-4.2525 -1.0457 -3.5334]
desired pos:  [-2.5042 -0.7608  1.0596] [-3.5271 -0.9244 -2.8602] [-4.2402 -1.0347 -3.4469]
desired pos:  [-2.4904 -0.7574  1.0681] [-3.3889 -0.8903 -2.7752] [-4.2096 -1.0249 -3.3607]
desired pos:  [-2.4761 -0.754   1.0771] [-3.2466 -0.8558 -2.6846] [-4.1623 -1.0161 -3.2797]
desired pos:  [-2.4629 -0.7508  1.0863] [-3.1146 -0.8244 -2.5925] [-4.1054 -1.0096 -3.213 ]
desired pos:  [-2.4502 -0.7481  1.0981] [-2.9875 -0.7976 -2.4749] [-4.0276 -1.0045 -3.1361]
desired pos:  [-2.4361 -0.7453  1.113 ] [-2.846  -0.7696 -2.3254] [-3.9053 -0.9926 -3.0345]
desired pos:  [-2.4233 -0.7427  1.1286] [-2.7181 -0.7433 -2.1699] [-3.7645 -0.9757 -2.9308]
desired pos:  [-2.4153 -0.7406  1.1416] [-2.6378 -0.7219 -2.0396] [-3.612  -0.9498 -2.8213]
desired pos:  [-2.4043 -0.7363  1.1599] [-2.5286 -0.6793 -1.8571] [-3.4551 -0.9109 -2.698 ]
desired pos:  [-2.3979 -0.7309  1.1741] [-2.4647 -0.6251 -1.7144] [-3.3069 -0.856  -2.5509]
desired pos:  [-2.3901 -0.7223  1.1907] [-2.3859 -0.5388 -1.5486] [-3.156 -0.781 -2.4  ]
desired pos:  [-2.3803 -0.7127  1.2049] [-2.2884 -0.4432 -1.4071] [-3.03   -0.7032 -2.2438]
desired pos:  [-2.3671 -0.7031  1.2173] [-2.1558 -0.3472 -1.2828] [-2.9098 -0.6238 -2.0866]
desired pos:  [-2.3527 -0.6935  1.2311] [-2.0126 -0.2511 -1.1444] [-2.7947 -0.5414 -1.9258]
desired pos:  [-2.3405 -0.6853  1.2444] [-1.8898 -0.1692 -1.0117] [-2.6954 -0.4688 -1.7626]
desired pos:  [-2.3296 -0.6782  1.2567] [-1.7809 -0.098  -0.8889] [-2.6006 -0.4053 -1.6422]
desired pos:  [-2.3233 -0.673   1.271 ] [-1.7181 -0.0459 -0.7456] [-2.5385 -0.3607 -1.5401]
desired pos:  [-2.3132 -0.6649  1.2905] [-1.6173  0.0348 -0.5507] [-2.4245 -0.2857 -1.3943]
desired pos:  [-2.3074 -0.6594  1.3058] [-1.5595  0.0901 -0.3975] [-2.3426 -0.2341 -1.2884]
desired pos:  [-2.3008 -0.6531  1.3201] [-1.4929  0.1526 -0.2548] [-2.2497 -0.1726 -1.1557]
desired pos:  [-2.2929 -0.6466  1.3312] [-1.4143  0.2178 -0.1433] [-2.1486 -0.1067 -1.0012]
desired pos:  [-2.2857 -0.641   1.3424] [-1.3422  0.2741 -0.0313] [-2.056  -0.0489 -0.8301]
desired pos:  [-2.2777 -0.6347  1.3539] [-1.2626  0.3367  0.0832] [-1.9574  0.0167 -0.6612]
desired pos:  [-2.2727 -0.6303  1.3599] [-1.2125  0.3805  0.1433] [-1.8911  0.0654 -0.5521]
desired pos:  [-2.267  -0.6264  1.3657] [-1.1556  0.4193  0.2017] [-1.8213  0.1126 -0.4481]
desired pos:  [-2.262  -0.6231  1.3756] [-1.1057  0.4526  0.3002] [-1.7611  0.1601 -0.3031]
desired pos:  [-2.2555 -0.619   1.3843] [-1.0401  0.494   0.3872] [-1.6834  0.2236 -0.162 ]
desired pos:  [-2.25   -0.6152  1.3904] [-0.9848  0.5314  0.4482] [-1.6042  0.2962 -0.054 ]
desired pos:  [-2.2465 -0.6115  1.3926] [-0.9502  0.5691  0.4702] [-1.5338  0.3736  0.0278]
desired pos:  [-2.2449 -0.6079  1.3963] [-0.9344  0.6044  0.5069] [-1.4645  0.4514  0.1141]
desired pos:  [-2.2451 -0.6063  1.4031] [-0.9359  0.6209  0.575 ] [-1.4006  0.5159  0.1937]
desired pos:  [-2.2445 -0.6057  1.41  ] [-0.9304  0.6272  0.6438] [-1.3441  0.568   0.2562]
desired pos:  [-2.2414 -0.6056  1.4132] [-0.8992  0.6278  0.6762] [-1.2877  0.6066  0.301 ]
desired pos:  [-2.2352 -0.6053  1.4124] [-0.8376  0.6308  0.6679] [-1.2224  0.6383  0.3516]
desired pos:  [-2.2302 -0.6054  1.4112] [-0.7869  0.6295  0.6562] [-1.1736  0.6649  0.4139]
desired pos:  [-2.2257 -0.6065  1.4096] [-0.7425  0.6188  0.6401] [-1.1299  0.6836  0.4713]
desired pos:  [-2.2221 -0.608   1.4036] [-0.7063  0.6041  0.5803] [-1.0911  0.6984  0.4876]
desired pos:  [-2.2185 -0.6103  1.3967] [-0.6699  0.5803  0.5115] [-1.0474  0.7038  0.4977]
desired pos:  [-2.2153 -0.6139  1.3919] [-0.6379  0.5447  0.4633] [-0.9994  0.708   0.4902]
desired pos:  [-2.2119 -0.619   1.3909] [-0.6039  0.494   0.4531] [-0.9421  0.7074  0.4529]
desired pos:  [-2.2099 -0.6244  1.3892] [-0.5844  0.44    0.4365] [-0.9158  0.7081  0.4057]
desired pos:  [-2.2069 -0.628   1.3882] [-0.5541  0.4033  0.4263] [-0.8893  0.702   0.3554]
desired pos:  [-2.2045 -0.6297  1.3898] [-0.5302  0.3871  0.4426] [-0.8697  0.6975  0.3242]
desired pos:  [-2.204  -0.6305  1.3934] [-0.5249  0.379   0.4783] [-0.8693  0.6828  0.3077]
desired pos:  [-2.2021 -0.6309  1.3952] [-0.5065  0.3742  0.4959] [-0.8644  0.6593  0.2957]
desired pos:  [-2.1987 -0.6327  1.3911] [-0.4719  0.3564  0.4549] [-0.8496  0.6203  0.282 ]
desired pos:  [-2.1957 -0.6357  1.3883] [-0.4426  0.3262  0.4274] [-0.8455  0.5688  0.3004]
desired pos:  [-2.1909 -0.6391  1.3875] [-0.3946  0.2931  0.4188] [-0.8293  0.5114  0.3159]
desired pos:  [-2.1864 -0.6416  1.3881] [-0.3491  0.268   0.4256] [-0.819   0.4588  0.3161]
desired pos:  [-2.2382 -0.6296  1.3817] [-0.8671  0.3873  0.3608] [-1.3717  0.5492  0.22  ]
desired pos:  [-2.1747 -0.6456  1.3886] [-0.2327  0.2274  0.4298] [-0.7651  0.3654  0.2796]
desired pos:  [-2.1684 -0.6476  1.3891] [-0.1697  0.2082  0.435 ] [-0.727   0.3263  0.2829]
desired pos:  [-2.1623 -0.648   1.3893] [-0.108   0.2035  0.4376] [-0.6905  0.3038  0.2681]
desired pos:  [-2.1578 -0.6483  1.39  ] [-0.0632  0.2012  0.4438] [-0.6697  0.2875  0.2549]
desired pos:  [-2.1526 -0.6491  1.3925] [-0.0111  0.1929  0.4697] [-0.6395  0.27    0.2606]
desired pos:  [-2.1465 -0.6507  1.3948] [0.0495 0.1763 0.4926] [-0.5958  0.2499  0.275 ]
desired pos:  [-2.1405 -0.6526  1.3938] [0.1101 0.1577 0.4827] [-0.5436  0.2328  0.2762]
desired pos:  [-2.134  -0.6554  1.3912] [0.1746 0.1297 0.4564] [-0.4759  0.2088  0.2844]
desired pos:  [-2.1285 -0.6576  1.3879] [0.2296 0.1073 0.4232] [-0.4047  0.1904  0.2887]
desired pos:  [-2.1246 -0.6601  1.3861] [0.2691 0.0831 0.4052] [-0.3377  0.1686  0.3025]
desired pos:  [-2.1214 -0.6619  1.3836] [0.3012 0.0647 0.3804] [-0.2697  0.151   0.3072]
desired pos:  [-2.1182 -0.6642  1.3821] [0.3325 0.0414 0.3652] [-0.1941  0.1279  0.3083]
desired pos:  [-2.1173 -0.6656  1.38  ] [0.3417 0.0278 0.3445] [-0.134   0.1142  0.2926]
desired pos:  [-2.1151 -0.6671  1.3776] [0.3637 0.013  0.3203] [-0.0566  0.099   0.2638]
desired pos:  [-2.1136 -0.6688  1.376 ] [ 0.3784 -0.004   0.3038] [0.0139 0.0814 0.2415]
desired pos:  [-2.1126 -0.67    1.3738] [ 0.3885 -0.0164  0.2822] [0.0772 0.0681 0.2209]
desired pos:  [-2.1124 -0.6715  1.3714] [ 0.3912 -0.0313  0.2579] [0.1298 0.0519 0.2035]
desired pos:  [-2.1125 -0.6731  1.3686] [ 0.3902 -0.0473  0.2303] [0.1743 0.0344 0.1879]
desired pos:  [-2.1125 -0.6747  1.365 ] [ 0.3895 -0.0637  0.1938] [0.2145 0.0161 0.1683]
desired pos:  [-2.112  -0.6762  1.3605] [ 0.3951 -0.0786  0.149 ] [ 0.2558 -0.0009  0.1435]
desired pos:  [-2.1117 -0.6777  1.3561] [ 0.3981 -0.0937  0.1054] [ 0.2888 -0.0182  0.1206]
desired pos:  [-2.1111 -0.6793  1.3522] [ 0.4036 -0.1092  0.0663] [ 0.3195 -0.0359  0.0989]
desired pos:  [-2.1104 -0.6812  1.3485] [ 0.4107 -0.1283  0.0296] [ 0.3471 -0.057   0.0728]
desired pos:  [-2.1098 -0.6829  1.345 ] [ 0.4164 -0.1455 -0.006 ] [ 0.369  -0.0762  0.0418]
desired pos:  [-2.1092 -0.6848  1.3414] [ 0.4227 -0.1648 -0.0419] [ 0.3873 -0.0972  0.0056]
desired pos:  [-2.108  -0.6871  1.3378] [ 0.4351 -0.1872 -0.0782] [ 0.408  -0.1211 -0.0373]
desired pos:  [-2.1071 -0.6894  1.3356] [ 0.4438 -0.2106 -0.1   ] [ 0.4219 -0.1458 -0.0669]
desired pos:  [-2.107  -0.6917  1.333 ] [ 0.4445 -0.2328 -0.126 ] [ 0.4254 -0.1693 -0.0993]
desired pos:  [-2.1056 -0.6944  1.3306] [ 0.4592 -0.2605 -0.1497] [ 0.4412 -0.1983 -0.1321]
desired pos:  [-2.1038 -0.6971  1.3284] [ 0.4767 -0.2872 -0.172 ] [ 0.4585 -0.2266 -0.1663]
desired pos:  [-2.1024 -0.6995  1.3266] [ 0.4904 -0.3113 -0.1901] [ 0.4707 -0.2526 -0.1967]
desired pos:  [-2.1013 -0.7024  1.3253] [ 0.5021 -0.3402 -0.2026] [ 0.4802 -0.2837 -0.2181]
desired pos:  [-2.0992 -0.7046  1.3232] [ 0.5228 -0.3625 -0.2241] [ 0.4979 -0.3086 -0.2484]
desired pos:  [-2.0975 -0.707   1.322 ] [ 0.5401 -0.3859 -0.2361] [ 0.5115 -0.3349 -0.2709]
desired pos:  [-2.1984 -0.6505  1.374 ] [-0.4693  0.1788  0.2847] [-0.5015  0.227   0.2745]
desired pos:  [-2.0921 -0.7127  1.3132] [ 0.5936 -0.4429 -0.3234] [ 0.5564 -0.3982 -0.3333]
desired pos:  [-2.0898 -0.7154  1.3183] [ 0.6171 -0.4701 -0.2726] [ 0.5728 -0.4298 -0.3401]
desired pos:  [-2.0921 -0.7162  1.3333] [ 0.5933 -0.4784 -0.123 ] [ 0.5432 -0.4423 -0.2202]
desired pos:  [-2.0951 -0.7168  1.3353] [ 0.5638 -0.4843 -0.1029] [ 0.5097 -0.452  -0.2177]
desired pos:  [-2.0952 -0.7179  1.3331] [ 0.5626 -0.4951 -0.1247] [ 0.5059 -0.4662 -0.2847]
desired pos:  [-2.0933 -0.7214  1.3291] [ 0.5814 -0.5303 -0.1649] [ 0.5255 -0.5034 -0.3302]
desired pos:  [-2.0904 -0.7261  1.3293] [ 0.6106 -0.5773 -0.163 ] [ 0.5602 -0.5503 -0.2756]
desired pos:  [-2.0886 -0.7308  1.3277] [ 0.629  -0.6242 -0.179 ] [ 0.5944 -0.595  -0.2602]
desired pos:  [-2.0913 -0.7352  1.3267] [ 0.6017 -0.6688 -0.1891] [ 0.6    -0.6337 -0.2911]
desired pos:  [-2.0948 -0.7388  1.3284] [ 0.5668 -0.7039 -0.1714] [ 0.6135 -0.6599 -0.3153]
desired pos:  [-2.098  -0.7411  1.3319] [ 0.5352 -0.7268 -0.1369] [ 0.6336 -0.6739 -0.3197]
desired pos:  [-2.101  -0.7432  1.3356] [ 0.5047 -0.7487 -0.1   ] [ 0.646  -0.6881 -0.3236]
desired pos:  [-2.1018 -0.7463  1.3397] [ 0.497  -0.7794 -0.0585] [ 0.6656 -0.7119 -0.326 ]
desired pos:  [-2.0999 -0.749   1.3435] [ 0.516  -0.8061 -0.0207] [ 0.6963 -0.7314 -0.3185]
desired pos:  [-2.0985 -0.7513  1.3478] [ 0.5297 -0.8288  0.0222] [ 0.7128 -0.7467 -0.2954]
desired pos:  [-2.0973 -0.7535  1.3523] [ 0.5415 -0.8514  0.0671] [ 0.726  -0.7616 -0.273 ]
desired pos:  [-2.097  -0.7562  1.3561] [ 0.5447 -0.8786  0.1055] [ 0.7336 -0.7819 -0.2315]
desired pos:  [-2.0979 -0.7589  1.3611] [ 0.5356 -0.9058  0.1554] [ 0.7357 -0.8006 -0.1867]
desired pos:  [-2.1001 -0.7626  1.3702] [ 0.5137 -0.942   0.2465] [ 0.7338 -0.8238 -0.1392]
desired pos:  [-2.1027 -0.7668  1.379 ] [ 0.4882 -0.984   0.3342] [ 0.7303 -0.8481 -0.0925]
desired pos:  [-2.1039 -0.7717  1.3884] [ 0.4755 -1.0331  0.4286] [ 0.7298 -0.8788 -0.0394]
desired pos:  [-2.1043 -0.7778  1.4009] [ 0.4715 -1.0945  0.5531] [ 0.7244 -0.9111  0.0248]
desired pos:  [-2.1037 -0.7828  1.4133] [ 0.4777 -1.1444  0.6777] [ 0.7232 -0.9479  0.1042]
desired pos:  [-2.1054 -0.7861  1.4269] [ 0.4605 -1.1769  0.8134] [ 0.7129 -0.9852  0.1925]
desired pos:  [-2.1094 -0.7877  1.4407] [ 0.4206 -1.1933  0.9516] [ 0.6919 -1.0255  0.295 ]
desired pos:  [-2.1136 -0.7876  1.4526] [ 0.3786 -1.1927  1.07  ] [ 0.6706 -1.0628  0.3905]
desired pos:  [-2.117  -0.7885  1.466 ] [ 0.3446 -1.2009  1.204 ] [ 0.6494 -1.1136  0.5111]
desired pos:  [-2.1196 -0.7894  1.474 ] [ 0.3188 -1.2107  1.2846] [ 0.6245 -1.1581  0.6262]
desired pos:  [-2.1224 -0.7915  1.4797] [ 0.2906 -1.231   1.3416] [ 0.589  -1.2044  0.7595]
desired pos:  [-2.1218 -0.7907  1.4802] [ 0.2965 -1.2236  1.3462] [ 0.5804 -1.2223  0.8394]
desired pos:  [-2.1231 -0.7909  1.4841] [ 0.2838 -1.2251  1.3857] [ 0.5459 -1.248   0.9535]
desired pos:  [-2.1227 -0.7895  1.4866] [ 0.2874 -1.2109  1.4106] [ 0.5182 -1.258   1.0454]
desired pos:  [-2.1223 -0.7868  1.491 ] [ 0.2915 -1.1844  1.4539] [ 0.4751 -1.2594  1.1297]
desired pos:  [-2.1196 -0.7824  1.4958] [ 0.3184 -1.1406  1.5019] [ 0.4358 -1.248   1.1904]
desired pos:  [-2.1153 -0.7779  1.4975] [ 0.3618 -1.0954  1.5197] [ 0.4068 -1.2332  1.2211]
desired pos:  [-2.1143 -0.774   1.4978] [ 0.3719 -1.0565  1.5223] [ 0.3604 -1.216   1.2703]
desired pos:  [-2.1175 -0.7704  1.4963] [ 0.3401 -1.0199  1.5069] [ 0.2924 -1.1933  1.3218]
desired pos:  [-2.119  -0.7664  1.4937] [ 0.325  -0.9799  1.4812] [ 0.2578 -1.1618  1.3554]
desired pos:  [-2.1242 -0.7629  1.4905] [ 0.273  -0.9451  1.4493] [ 0.2077 -1.1276  1.3668]
desired pos:  [-2.1297 -0.7608  1.4871] [ 0.2173 -0.9246  1.415 ] [ 0.1823 -1.095   1.3656]
desired pos:  [-2.1388 -0.7591  1.4855] [ 0.1267 -0.9071  1.3989] [ 0.1558 -1.0514  1.3675]
desired pos:  [-2.151  -0.7578  1.4835] [ 0.0052 -0.8945  1.3791] [ 0.1249 -1.0064  1.3537]
desired pos:  [-2.1631 -0.7553  1.4794] [-0.1164 -0.8697  1.3378] [ 0.0945 -0.9535  1.321 ]
desired pos:  [-2.1744 -0.7537  1.4796] [-0.2292 -0.8534  1.3398] [ 0.0478 -0.9135  1.3057]
desired pos:  [-2.1834 -0.7526  1.481 ] [-0.3193 -0.8423  1.354 ] [-0.0166 -0.8796  1.2827]
desired pos:  [-2.1882 -0.753   1.4806] [-0.3675 -0.846   1.3506] [-0.0725 -0.862   1.2616]
desired pos:  [-2.1959 -0.7536  1.4789] [-0.4445 -0.8519  1.333 ] [-0.1729 -0.8449  1.2252]
desired pos:  [-2.2041 -0.7551  1.4799] [-0.5267 -0.8673  1.3428] [-0.2792 -0.8365  1.2202]
desired pos:  [-2.214 -0.757  1.476] [-0.6254 -0.8862  1.3041] [-0.392  -0.8363  1.2179]
desired pos:  [-2.2233 -0.7593  1.4685] [-0.7178 -0.9091  1.2296] [-0.4896 -0.8419  1.2029]
desired pos:  [-2.2318 -0.7621  1.4626] [-0.8036 -0.9374  1.17  ] [-0.5749 -0.8503  1.1958]
desired pos:  [-2.2389 -0.7653  1.4558] [-0.8738 -0.9697  1.1021] [-0.6532 -0.8658  1.1775]
desired pos:  [-2.2482 -0.7694  1.4461] [-0.9669 -1.0106  1.0054] [-0.7336 -0.8902  1.1398]
desired pos:  [-2.2571 -0.7716  1.4361] [-1.0565 -1.0323  0.9052] [-0.8118 -0.9155  1.0757]
desired pos:  [-2.267  -0.7718  1.429 ] [-1.1555 -1.0341  0.8342] [-0.8965 -0.9433  1.0163]
desired pos:  [-2.1494 -0.7911  1.4599] [ 0.0204 -1.2268  1.1433] [ 0.2899 -1.176   1.3307]
desired pos:  [-2.2828 -0.7685  1.4122] [-1.3136 -1.0013  0.6659] [-1.0523 -0.9946  0.855 ]
desired pos:  [-2.2867 -0.7654  1.4074] [-1.3527 -0.9706  0.6182] [-1.123  -1.0099  0.7941]
desired pos:  [-2.2841 -0.7628  1.4094] [-1.3263 -0.9442  0.6382] [-1.1398 -1.0236  0.8238]
desired pos:  [-2.2797 -0.7599  1.4038] [-1.2822 -0.9156  0.582 ] [-1.1435 -1.0299  0.7959]
desired pos:  [-2.2758 -0.7558  1.3917] [-1.2432 -0.8746  0.4615] [-1.1555 -1.0222  0.7018]
desired pos:  [-2.2748 -0.7501  1.3794] [-1.2337 -0.8176  0.3378] [-1.1986 -0.9982  0.5885]
desired pos:  [-2.2739 -0.7442  1.3748] [-1.2242 -0.7587  0.2926] [-1.2428 -0.9711  0.5311]
desired pos:  [-2.2748 -0.7376  1.3713] [-1.2332 -0.6924  0.2574] [-1.3005 -0.9327  0.4774]
desired pos:  [-2.2744 -0.7322  1.367 ] [-1.2288 -0.6381  0.2139] [-1.3412 -0.9022  0.4061]
desired pos:  [-2.2736 -0.7257  1.3593] [-1.2209 -0.5732  0.1368] [-1.3742 -0.8583  0.2827]
desired pos:  [-2.2704 -0.7205  1.3563] [-1.1894 -0.5217  0.1072] [-1.3801 -0.8228  0.2039]
desired pos:  [-2.2665 -0.7166  1.3571] [-1.1499 -0.4826  0.1151] [-1.3731 -0.7951  0.1598]
desired pos:  [-2.2621 -0.7124  1.3574] [-1.1063 -0.4406  0.1178] [-1.3557 -0.7601  0.1136]
desired pos:  [-2.2575 -0.7072  1.3499] [-1.0606 -0.3883  0.0435] [-1.3251 -0.7102  0.0458]
desired pos:  [-2.2525 -0.702   1.3416] [-1.0103 -0.3363 -0.0401] [-1.2804 -0.6571 -0.0049]
desired pos:  [-2.2482 -0.6967  1.3407] [-0.9676 -0.2837 -0.0484] [-1.2366 -0.5985 -0.0325]
desired pos:  [-2.2442 -0.6926  1.3409] [-0.9275 -0.2419 -0.0465] [-1.1893 -0.5449 -0.0754]
desired pos:  [-2.2405 -0.6879  1.3391] [-0.8902 -0.1954 -0.0644] [-1.1477 -0.482  -0.1398]
desired pos:  [-2.2369 -0.6859  1.341 ] [-0.8547 -0.1754 -0.0456] [-1.1201 -0.4405 -0.169 ]
desired pos:  [-2.2326 -0.6843  1.3442] [-0.8112 -0.1592 -0.0136] [-1.0982 -0.3983 -0.178 ]
desired pos:  [-2.2258 -0.6834  1.3456] [-0.7436 -0.1499  0.0003] [-1.0597 -0.3596 -0.1934]
desired pos:  [-2.2203 -0.682   1.3482] [-0.688  -0.1366  0.0262] [-1.0322 -0.3144 -0.1935]
desired pos:  [-2.2144 -0.6814  1.3507] [-0.6289 -0.1307  0.0512] [-0.9937 -0.2757 -0.188 ]
desired pos:  [-2.209  -0.6811  1.3532] [-0.5755 -0.1273  0.0766] [-0.9505 -0.2418 -0.1594]
desired pos:  [-2.2023 -0.6806  1.3538] [-0.5086 -0.1225  0.0822] [-0.8837 -0.2081 -0.1344]
desired pos:  [-2.1959 -0.6806  1.3541] [-0.4437 -0.1224  0.0855] [-0.811  -0.1766 -0.1144]
desired pos:  [-2.1901 -0.6795  1.3487] [-0.3859 -0.1114  0.0315] [-0.7383 -0.1425 -0.0943]
desired pos:  [-2.1811 -0.6788  1.3423] [-0.2966 -0.1045 -0.0331] [-0.6541 -0.1109 -0.0807]
desired pos:  [-2.1741 -0.6784  1.3403] [-0.2262 -0.1002 -0.0523] [-0.577  -0.0819 -0.0679]
desired pos:  [-2.1684 -0.6768  1.3346] [-0.1696 -0.0843 -0.1095] [-0.5077 -0.0573 -0.0802]
desired pos:  [-2.1653 -0.6754  1.3285] [-0.1382 -0.0699 -0.1707] [-0.4548 -0.0442 -0.1025]
desired pos:  [-2.1645 -0.6722  1.3234] [-0.13   -0.0385 -0.2222] [-0.4083 -0.025  -0.1408]
desired pos:  [-2.1642 -0.6682  1.3207] [-0.1271  0.0017 -0.2491] [-0.3508 -0.0034 -0.1829]
desired pos:  [-2.165  -0.6641  1.3186] [-0.1355  0.0426 -0.2701] [-0.2981  0.0184 -0.2253]
desired pos:  [-2.1682 -0.6606  1.3176] [-0.1669  0.0774 -0.2794] [-0.2647  0.0356 -0.2635]
desired pos:  [-2.1711 -0.6572  1.3165] [-0.1961  0.1116 -0.2909] [-0.2289  0.0544 -0.3077]
desired pos:  [-2.174  -0.6539  1.315 ] [-0.2253  0.1445 -0.3058] [-0.2     0.0747 -0.3423]
desired pos:  [-2.1775 -0.6512  1.3126] [-0.2606  0.1713 -0.3295] [-0.1874  0.0917 -0.3639]
desired pos:  [-2.1802 -0.6474  1.3087] [-0.2871  0.2094 -0.3684] [-0.1752  0.1214 -0.3855]
desired pos:  [-2.1829 -0.6445  1.3044] [-0.3142  0.2389 -0.412 ] [-0.1703  0.1434 -0.4068]
desired pos:  [-2.1871 -0.641   1.3004] [-0.3558  0.2739 -0.4516] [-0.1857  0.1718 -0.4273]
desired pos:  [-2.1909 -0.638   1.2965] [-0.3942  0.3039 -0.4909] [-0.2033  0.1961 -0.4543]
desired pos:  [-2.1943 -0.6348  1.2928] [-0.4282  0.3358 -0.5277] [-0.2214  0.2237 -0.4916]
desired pos:  [-2.1978 -0.6319  1.2907] [-0.4629  0.3647 -0.549 ] [-0.2451  0.2504 -0.5267]
desired pos:  [-2.2021 -0.6298  1.2892] [-0.5058  0.3859 -0.5633] [-0.2818  0.2726 -0.5609]
press 3 button to land
[-2.1819 -0.6382  1.2857]
[-2.5454 -0.4674  0.6621]
