Warning: No joystick found!
crazyflie id: 1
100000000.0 8
loading model :  diff-mpc-nn_FlyingCartpole_obstacles_lr1e3_ineqfix_innerdeqinpGN_andersongoodgradlast_phontom3ReLU_03sdata_qpsolve_gradclip2_noemb_Q10-10-80-1-1R1e8_constraintexps_ub03obsr04_T5_bsz200_deq_iter1_hdim1024_valfrac1.0
press 1 button to takeoff
crazyflie position: [-2.5009 -0.8459  0.7538]
crazyflie position: [-2.5009 -0.8459  0.7538]
crazyflie position: [-2.5008 -0.8459  0.7538]
crazyflie position: [-2.5009 -0.8459  0.7538]
crazyflie position: [-2.5008 -0.8459  0.7538]
crazyflie position: [-2.5009 -0.846   0.7538]
crazyflie position: [-2.5009 -0.8459  0.7538]
crazyflie position: [-2.5009 -0.8459  0.7538]
crazyflie position: [-2.5009 -0.8459  0.7538]
1press 2 button to run DEQ-MPC scenerio
2desired pos:  [-2.5174 -0.8849  0.9692] [-4.0905 -1.3821 -3.7056] [-4.0909 -1.382  -3.7326]
desired pos:  [-2.5133 -0.8521  0.977 ] [-4.0501 -1.0538 -3.6272] [-4.0571 -1.0529 -3.7055]
desired pos:  [-2.51   -0.853   0.9802] [-4.0171 -1.0631 -3.5947] [-4.0457 -1.0608 -3.7242]
desired pos:  [-2.5058 -0.8547  0.9771] [-3.9746 -1.0794 -3.626 ] [-4.0493 -1.0768 -3.8038]
desired pos:  [-2.4997 -0.856   0.9742] [-3.9136 -1.0924 -3.6552] [-4.0553 -1.0918 -3.8737]
desired pos:  [-2.4922 -0.8564  0.9747] [-3.8393 -1.0964 -3.6506] [-4.0652 -1.1007 -3.8993]
desired pos:  [-2.4834 -0.8556  0.9763] [-3.7513 -1.0888 -3.6343] [-4.073  -1.1011 -3.904 ]
desired pos:  [-2.4743 -0.854   0.9775] [-3.66   -1.0726 -3.6218] [-4.0842 -1.0957 -3.9061]
desired pos:  [-2.4648 -0.8518  0.9781] [-3.5653 -1.0508 -3.6163] [-4.0931 -1.0874 -3.9127]
desired pos:  [-2.4547 -0.8486  0.9778] [-3.4637 -1.0189 -3.6187] [-4.091  -1.0704 -3.93  ]
desired pos:  [-2.4449 -0.8459  0.9793] [-3.3659 -0.9917 -3.6039] [-4.0833 -1.0584 -3.9374]
desired pos:  [-2.4388 -0.8445  0.9811] [-3.3044 -0.9772 -3.5859] [-4.0573 -1.0459 -3.9387]
desired pos:  [-2.4238 -0.8414  0.9883] [-3.1547 -0.9468 -3.5139] [-4.0005 -1.0276 -3.9327]
desired pos:  [-2.4141 -0.8413  0.9925] [-3.0579 -0.9454 -3.4722] [-3.9199 -1.0128 -3.9226]
desired pos:  [-2.4054 -0.8425  0.9963] [-2.9706 -0.9572 -3.4345] [-3.8193 -1.0023 -3.909 ]
desired pos:  [-2.3982 -0.8445  1.0037] [-2.8993 -0.9776 -3.3599] [-3.7176 -1.0003 -3.8779]
desired pos:  [-2.3934 -0.8467  1.0137] [-2.8507 -0.9991 -3.2597] [-3.607  -1.0034 -3.8368]
desired pos:  [-2.3881 -0.8476  1.0198] [-2.7974 -1.0087 -3.1993] [-3.5014 -1.0052 -3.798 ]
desired pos:  [-2.3851 -0.8477  1.0262] [-2.7676 -1.0098 -3.1353] [-3.4022 -1.0064 -3.7607]
desired pos:  [-2.3816 -0.8466  1.0369] [-2.7331 -0.9981 -3.0285] [-3.3027 -1.0046 -3.6903]
desired pos:  [-2.3778 -0.8452  1.0493] [-2.6953 -0.9847 -2.9038] [-3.2089 -1.0079 -3.6067]
desired pos:  [-2.3727 -0.8439  1.0603] [-2.6442 -0.9711 -2.7938] [-3.1192 -1.0142 -3.5269]
desired pos:  [-2.3661 -0.8432  1.0671] [-2.5778 -0.9646 -2.7265] [-3.0368 -1.0242 -3.4401]
desired pos:  [-2.3585 -0.843   1.0726] [-2.5018 -0.9623 -2.6707] [-2.9616 -1.0353 -3.3353]
desired pos:  [-2.3502 -0.8418  1.0835] [-2.4191 -0.9502 -2.562 ] [-2.8956 -1.0403 -3.2272]
desired pos:  [-2.3404 -0.8396  1.0972] [-2.3204 -0.9287 -2.4248] [-2.8284 -1.0395 -3.1297]
desired pos:  [-2.3303 -0.8367  1.1096] [-2.2196 -0.8999 -2.3011] [-2.7635 -1.0326 -3.0465]
desired pos:  [-2.3218 -0.8334  1.121 ] [-2.135  -0.8661 -2.187 ] [-2.7117 -1.0221 -2.9766]
desired pos:  [-2.3148 -0.8303  1.1327] [-2.0645 -0.8355 -2.0705] [-2.6662 -1.0142 -2.9076]
desired pos:  [-2.3061 -0.8268  1.1505] [-1.9776 -0.8011 -1.8921] [-2.5964 -0.9995 -2.7802]
desired pos:  [-2.2991 -0.8243  1.1672] [-1.9075 -0.7759 -1.7251] [-2.5379 -0.989  -2.667 ]
desired pos:  [-2.2894 -0.8212  1.1865] [-1.8107 -0.7449 -1.5321] [-2.447  -0.9667 -2.53  ]
desired pos:  [-2.2803 -0.8179  1.2073] [-1.7194 -0.712  -1.324 ] [-2.3539 -0.9371 -2.3781]
desired pos:  [-2.2715 -0.8145  1.2297] [-1.6321 -0.6778 -1.1005] [-2.2535 -0.9031 -2.2061]
desired pos:  [-2.2656 -0.8122  1.2451] [-1.5732 -0.6545 -0.9464] [-2.1492 -0.8724 -2.0244]
desired pos:  [-2.2593 -0.8092  1.2688] [-1.5101 -0.6245 -0.7096] [-2.0482 -0.8467 -1.8399]
desired pos:  [-2.2555 -0.807   1.2893] [-1.4721 -0.6023 -0.5041] [-1.9401 -0.8262 -1.6396]
desired pos:  [-2.2505 -0.8049  1.3087] [-1.4222 -0.5816 -0.3103] [-1.8404 -0.8132 -1.4346]
desired pos:  [-2.245  -0.8028  1.3249] [-1.3665 -0.5606 -0.1483] [-1.7524 -0.8006 -1.2302]
desired pos:  [-2.2404 -0.8004  1.3407] [-1.3205 -0.537   0.0097] [-1.6759 -0.7883 -1.0296]
desired pos:  [-2.2356 -0.7971  1.3573] [-1.2731 -0.5037  0.1763] [-1.6028 -0.7674 -0.8197]
desired pos:  [-2.2301 -0.7923  1.3707] [-1.2177 -0.4552  0.3104] [-1.529  -0.7291 -0.6295]
desired pos:  [-2.2269 -0.7883  1.376 ] [-1.1855 -0.4159  0.363 ] [-1.4849 -0.6979 -0.521 ]
desired pos:  [-2.2206 -0.7823  1.3889] [-1.1233 -0.356   0.4919] [-1.4161 -0.6443 -0.3388]
desired pos:  [-2.3834 -0.8195  1.0766] [-2.7512 -0.7276 -2.6316] [-3.0423 -1.0211 -3.4551]
desired pos:  [-2.2086 -0.7705  1.4169] [-1.0027 -0.2372  0.7723] [-1.2897 -0.5369 -0.0531]
desired pos:  [-2.2012 -0.7629  1.417 ] [-0.9293 -0.1619  0.7726] [-1.2142 -0.4652 -0.0034]
desired pos:  [-2.1899 -0.7513  1.3738] [-0.8158 -0.0454  0.341 ] [-1.1001 -0.3497 -0.382 ]
desired pos:  [-2.1507 -0.7245  1.3039] [-0.4243  0.2224 -0.3583] [-0.7062 -0.0803 -1.0814]
desired pos:  [-2.0795 -0.6888  1.1134] [ 0.2881  0.5797 -2.2627] [ 0.0149  0.2829 -3.0308]
desired pos:  [-2.0317 -0.6663  0.9565] [ 0.766   0.804  -3.8321] [ 0.5069  0.5192 -4.6488]
desired pos:  [-2.3415 -0.8192  1.147 ] [-2.3317 -0.7245 -1.9268] [-2.5771 -0.9913 -2.7602]
desired pos:  [-2.3347 -0.8193  1.1605] [-2.2639 -0.7255 -1.7921] [-2.4969 -0.9713 -2.6276]
desired pos:  [-2.3362 -0.8216  1.1641] [-2.2786 -0.7482 -1.7558] [-2.4969 -0.9713 -2.6276]
desired pos:  [-2.3198 -0.8184  1.1986] [-2.1147 -0.717  -1.4107] [-2.3163 -0.9197 -2.3328]
desired pos:  [-2.312  -0.817   1.2206] [-2.0372 -0.7031 -1.1907] [-2.2224 -0.8891 -2.1649]
desired pos:  [-2.3135 -0.8184  1.2255] [-2.052  -0.7165 -1.1418] [-2.2224 -0.8891 -2.1649]
desired pos:  [-2.3147 -0.8194  1.2297] [-2.0634 -0.7269 -1.1001] [-2.2224 -0.8891 -2.1649]
desired pos:  [-2.3153 -0.8202  1.2306] [-2.0702 -0.735  -1.0911] [-2.2224 -0.8891 -2.1649]
desired pos:  [-2.3153 -0.8209  1.2276] [-2.07   -0.7419 -1.1209] [-2.2224 -0.8891 -2.1649]
desired pos:  [-2.3143 -0.8219  1.2284] [-2.0595 -0.7512 -1.1131] [-2.2224 -0.8891 -2.1649]
desired pos:  [-2.3117 -0.8232  1.233 ] [-2.0338 -0.7642 -1.0667] [-2.2224 -0.8891 -2.1649]
desired pos:  [-2.2614 -0.8147  1.3257] [-1.531  -0.6793 -0.1402] [-1.7436 -0.7916 -1.2261]
desired pos:  [-2.2595 -0.8162  1.322 ] [-1.5123 -0.695  -0.1768] [-1.7436 -0.7916 -1.2261]
desired pos:  [-2.2576 -0.8186  1.3218] [-1.4933 -0.7187 -0.1794] [-1.7436 -0.7916 -1.2261]
desired pos:  [-2.2564 -0.821   1.3192] [-1.4809 -0.7428 -0.2052] [-1.7436 -0.7916 -1.2261]
desired pos:  [-2.2558 -0.8232  1.3137] [-1.4749 -0.7641 -0.2601] [-1.7436 -0.7916 -1.2261]
desired pos:  [-2.2555 -0.8253  1.3085] [-1.4718 -0.7859 -0.3122] [-1.7436 -0.7916 -1.2261]
desired pos:  [-2.2554 -0.8277  1.3058] [-1.471  -0.8098 -0.3389] [-1.7436 -0.7916 -1.2261]
desired pos:  [-2.2553 -0.8303  1.308 ] [-1.4696 -0.8355 -0.3167] [-1.7436 -0.7916 -1.2261]
desired pos:  [-2.2546 -0.8323  1.3112] [-1.4625 -0.8555 -0.2848] [-1.7436 -0.7916 -1.2261]
desired pos:  [-2.2534 -0.8332  1.3093] [-1.4513 -0.8644 -0.3044] [-1.7436 -0.7916 -1.2261]
desired pos:  [-2.2522 -0.8333  1.3039] [-1.4391 -0.8656 -0.3585] [-1.7436 -0.7916 -1.2261]
desired pos:  [-2.2508 -0.833   1.304 ] [-1.4247 -0.8624 -0.357 ] [-1.7436 -0.7916 -1.2261]
desired pos:  [-2.2498 -0.8325  1.3096] [-1.4152 -0.8571 -0.3012] [-1.7436 -0.7916 -1.2261]
desired pos:  [-2.2502 -0.8321  1.315 ] [-1.4185 -0.8533 -0.2473] [-1.7436 -0.7916 -1.2261]
desired pos:  [-2.2514 -0.8321  1.3196] [-1.4309 -0.8533 -0.2011] [-1.7436 -0.7916 -1.2261]
desired pos:  [-2.2525 -0.8325  1.3211] [-1.4415 -0.8578 -0.1856] [-1.7436 -0.7916 -1.2261]
desired pos:  [-2.2527 -0.8327  1.3117] [-1.444  -0.86   -0.2806] [-1.7436 -0.7916 -1.2261]
desired pos:  [-2.2516 -0.8336  1.3034] [-1.4328 -0.869  -0.3636] [-1.7436 -0.7916 -1.2261]
desired pos:  [-2.2499 -0.8344  1.3017] [-1.4159 -0.8766 -0.3806] [-1.7436 -0.7916 -1.2261]
desired pos:  [-2.2495 -0.8337  1.2973] [-1.4119 -0.87   -0.4245] [-1.7436 -0.7916 -1.2261]
desired pos:  [-2.2509 -0.8311  1.2963] [-1.4257 -0.8439 -0.4337] [-1.7436 -0.7916 -1.2261]
desired pos:  [-2.254  -0.8268  1.2976] [-1.4567 -0.8002 -0.4208] [-1.7436 -0.7916 -1.2261]
desired pos:  [-2.2578 -0.8217  1.2973] [-1.4945 -0.7494 -0.4245] [-1.7436 -0.7916 -1.2261]
