Warning: No joystick found!
crazyflie id: 1
100000000.0 8
loading model :  deq-mpc-nn_FlyingCartpole_obstacles_lr1e3_ineqfix_innerdeqinpGN_andersongoodgradlast_phontom3ReLU_03sdata_qpsolve_gradclip2_noemb_Q10-10-80-1-1R1e8_constraintexps_ub03obsr04_T5_bsz200_deq_iter6_hdim1024_valfrac1.0
press 1 button to takeoff
crazyflie position: [-2.4729 -0.7716  0.7538]
crazyflie position: [-2.4729 -0.7716  0.7538]
crazyflie position: [-2.4729 -0.7716  0.7539]
crazyflie position: [-2.4729 -0.7716  0.7538]
crazyflie position: [-2.4729 -0.7716  0.7538]
crazyflie position: [-2.4729 -0.7716  0.7538]
crazyflie position: [-2.4729 -0.7716  0.7538]
1press 2 button to run DEQ-MPC scenerio
2desired pos:  [-2.4818 -0.7572  0.9731] [-4.0903 -1.3821 -3.706 ] [-4.0909 -1.382  -3.7326]
desired pos:  [-2.4855 -0.7488  0.9764] [-4.1273 -1.2981 -3.6727] [-4.1363 -1.2969 -3.7535]
desired pos:  [-2.4842 -0.7488  0.9817] [-4.1135 -1.2977 -3.6204] [-4.1491 -1.2936 -3.7547]
desired pos:  [-2.4806 -0.7487  0.9821] [-4.0775 -1.2973 -3.6158] [-4.161  -1.289  -3.7987]
desired pos:  [-2.4764 -0.7475  0.9791] [-4.0357 -1.2852 -3.6464] [-4.1857 -1.2738 -3.8705]
desired pos:  [-2.4706 -0.7444  0.9795] [-3.9778 -1.2537 -3.6416] [-4.2091 -1.2419 -3.8989]
desired pos:  [-2.4634 -0.7411  0.9827] [-3.9058 -1.221  -3.6099] [-4.2295 -1.2128 -3.8922]
desired pos:  [-2.4533 -0.7379  0.9843] [-3.805  -1.1888 -3.5944] [-4.2286 -1.1891 -3.8943]
desired pos:  [-2.4426 -0.7338  0.9843] [-3.6981 -1.1479 -3.594 ] [-4.2259 -1.1617 -3.9061]
desired pos:  [-2.4297 -0.7297  0.9843] [-3.5694 -1.1073 -3.5942] [-4.2023 -1.1397 -3.9138]
desired pos:  [-2.4159 -0.726   0.9869] [-3.4306 -1.0703 -3.5683] [-4.1652 -1.1244 -3.8971]
desired pos:  [-2.3999 -0.7221  0.9896] [-3.2705 -1.0313 -3.5406] [-4.0996 -1.1076 -3.8851]
desired pos:  [-2.3833 -0.7191  0.993 ] [-3.1048 -1.0013 -3.507 ] [-4.0172 -1.0981 -3.8764]
desired pos:  [-2.367  -0.7158  0.9974] [-2.9419 -0.9681 -3.4627] [-3.9236 -1.0819 -3.8677]
desired pos:  [-2.3498 -0.7127  1.0045] [-2.7696 -0.9375 -3.3922] [-3.8039 -1.0645 -3.8433]
desired pos:  [-2.3334 -0.7092  1.0128] [-2.6057 -0.9026 -3.3088] [-3.6723 -1.0393 -3.8122]
desired pos:  [-2.3198 -0.7067  1.0213] [-2.4704 -0.8769 -3.2242] [-3.5305 -1.0168 -3.7772]
desired pos:  [-2.3051 -0.7035  1.0319] [-2.3232 -0.8452 -3.1176] [-3.3839 -0.9901 -3.7299]
desired pos:  [-2.2922 -0.7008  1.0424] [-2.1939 -0.8179 -3.0127] [-3.2325 -0.9666 -3.6643]
desired pos:  [-2.2779 -0.6969  1.0544] [-2.0506 -0.7793 -2.8936] [-3.0763 -0.9411 -3.5889]
desired pos:  [-2.2622 -0.6929  1.0673] [-1.8939 -0.7391 -2.7644] [-2.9217 -0.9207 -3.5041]
desired pos:  [-2.2489 -0.6894  1.0796] [-1.7612 -0.7046 -2.641 ] [-2.8014 -0.9083 -3.4263]
desired pos:  [-2.2317 -0.6847  1.0945] [-1.5885 -0.6572 -2.4918] [-2.641  -0.8843 -3.3229]
desired pos:  [-2.2185 -0.6799  1.1088] [-1.4571 -0.6096 -2.349 ] [-2.5157 -0.8618 -3.2259]
desired pos:  [-2.2091 -0.6756  1.1211] [-1.3631 -0.5661 -2.2261] [-2.4205 -0.8433 -3.1472]
desired pos:  [-2.2    -0.6714  1.1346] [-1.2717 -0.5238 -2.0914] [-2.3204 -0.8237 -3.0568]
desired pos:  [-2.1914 -0.6671  1.1482] [-1.1857 -0.4815 -1.9546] [-2.218  -0.8001 -2.967 ]
desired pos:  [-2.1804 -0.6628  1.1666] [-1.0755 -0.4383 -1.7714] [-2.0845 -0.7698 -2.8245]
desired pos:  [-2.1685 -0.6582  1.1854] [-0.9569 -0.3917 -1.5831] [-1.9371 -0.7303 -2.6735]
desired pos:  [-2.16   -0.6549  1.2023] [-0.8722 -0.3595 -1.4139] [-1.8188 -0.7001 -2.5485]
desired pos:  [-2.1439 -0.6494  1.2257] [-0.7105 -0.3043 -1.1801] [-1.6234 -0.6428 -2.3427]
desired pos:  [-2.1329 -0.646   1.244 ] [-0.6014 -0.2705 -0.9973] [-1.4812 -0.6039 -2.1712]
desired pos:  [-2.1247 -0.6435  1.2598] [-0.5191 -0.2447 -0.839 ] [-1.3631 -0.5698 -2.0324]
desired pos:  [-2.1174 -0.6416  1.2769] [-0.4458 -0.2257 -0.6686] [-1.2522 -0.5397 -1.884 ]
desired pos:  [-2.1105 -0.6397  1.293 ] [-0.377  -0.2075 -0.5067] [-1.1463 -0.5079 -1.7391]
desired pos:  [-2.1032 -0.6382  1.3111] [-0.3037 -0.1925 -0.3256] [-1.0369 -0.4768 -1.568 ]
desired pos:  [-2.0958 -0.6361  1.3281] [-0.2295 -0.1712 -0.1556] [-0.9283 -0.4367 -1.4001]
desired pos:  [-2.0887 -0.6346  1.3437] [-0.1587 -0.1557 -0.0002] [-0.8247 -0.3992 -1.2394]
desired pos:  [-2.0824 -0.6331  1.356 ] [-0.0963 -0.1412  0.1229] [-0.7315 -0.3591 -1.1005]
desired pos:  [-2.0704 -0.6286  1.3772] [ 0.0242 -0.0965  0.3347] [-0.5845 -0.2881 -0.842 ]
desired pos:  [-2.0596 -0.6247  1.3963] [ 0.1324 -0.0569  0.5263] [-0.4527 -0.2223 -0.5723]
desired pos:  [-2.0498 -0.6225  1.4097] [ 0.2302 -0.0355  0.6595] [-0.3286 -0.1706 -0.3525]
desired pos:  [-2.0414 -0.6224  1.4195] [ 0.3136 -0.0343  0.7578] [-0.2105 -0.1333 -0.1618]
desired pos:  [-2.0357 -0.6234  1.4313] [ 0.3709 -0.0447  0.8764] [-0.0982 -0.098   0.0442]
desired pos:  [-2.0354 -0.6263  1.4396] [ 0.3737 -0.0731  0.9586] [-0.0195 -0.0749  0.2061]
desired pos:  [-2.0333 -0.6276  1.4487] [ 0.3947 -0.0862  1.0497] [ 0.0829 -0.0356  0.373 ]
desired pos:  [-2.0314 -0.6297  1.4546] [ 0.4138 -0.1073  1.109 ] [ 0.1715 -0.0067  0.511 ]
desired pos:  [-2.0304 -0.6325  1.4572] [ 0.4238 -0.1347  1.1346] [0.2319 0.0124 0.6194]
desired pos:  [-2.0291 -0.6346  1.4612] [ 0.4372 -0.1557  1.1752] [0.2826 0.0398 0.7245]
desired pos:  [-2.028  -0.6377  1.4644] [ 0.4477 -0.1872  1.2067] [0.3196 0.0585 0.7925]
desired pos:  [-2.0273 -0.6407  1.4677] [ 0.4547 -0.2173  1.2398] [0.3492 0.0753 0.8398]
desired pos:  [-2.0267 -0.6426  1.4751] [ 0.4611 -0.2365  1.3143] [0.384  0.098  0.9022]
desired pos:  [-2.0273 -0.6445  1.4849] [ 0.4548 -0.2548  1.4117] [0.4161 0.1141 0.9659]
desired pos:  [-2.0298 -0.6468  1.4948] [ 0.4304 -0.2786  1.5113] [0.4389 0.1144 1.0239]
desired pos:  [-2.0334 -0.6486  1.5029] [ 0.3936 -0.2961  1.5917] [0.4579 0.1107 1.0599]
desired pos:  [-2.0376 -0.6515  1.5145] [ 0.3524 -0.3247  1.7083] [0.4812 0.0858 1.1331]
desired pos:  [-2.0421 -0.6538  1.5252] [ 0.3075 -0.3478  1.8147] [0.5042 0.0573 1.2196]
desired pos:  [-2.049  -0.6545  1.5386] [ 0.2376 -0.3553  1.9491] [0.5105 0.0195 1.3099]
desired pos:  [-2.0645 -0.6566  1.5592] [ 0.0832 -0.3764  2.1552] [ 0.5128 -0.0184  1.4083]
desired pos:  [-2.0737 -0.659   1.5696] [-0.0091 -0.4001  2.2592] [ 0.5009 -0.0662  1.5155]
desired pos:  [-2.0813 -0.661   1.5813] [-0.0849 -0.4199  2.3762] [ 0.4811 -0.1197  1.6255]
desired pos:  [-2.0897 -0.6623  1.5952] [-0.169  -0.4334  2.5145] [ 0.4462 -0.1839  1.7712]
desired pos:  [-2.1016 -0.6642  1.6057] [-0.2879 -0.4518  2.6201] [ 0.3916 -0.2624  1.9193]
desired pos:  [-2.1172 -0.6658  1.6125] [-0.4435 -0.4686  2.6879] [ 0.3186 -0.3429  2.0435]
desired pos:  [-2.1335 -0.6656  1.6154] [-0.6073 -0.4662  2.7166] [ 0.2357 -0.4093  2.1468]
desired pos:  [-2.1495 -0.6668  1.6179] [-0.7672 -0.4777  2.7424] [ 0.1393 -0.4906  2.2717]
desired pos:  [-2.164  -0.6682  1.6169] [-0.9123 -0.4918  2.7316] [ 0.0265 -0.5691  2.3837]
desired pos:  [-2.175  -0.6694  1.6114] [-1.0223 -0.5038  2.6774] [-0.0917 -0.6385  2.4567]
desired pos:  [-2.1825 -0.6714  1.6044] [-1.0969 -0.524   2.6066] [-0.2132 -0.705   2.4965]
desired pos:  [-2.186  -0.6727  1.5968] [-1.1319 -0.5375  2.5314] [-0.317  -0.7446  2.5147]
desired pos:  [-2.1923 -0.6756  1.5903] [-1.1948 -0.5659  2.4654] [-0.449  -0.7804  2.5295]
desired pos:  [-2.1978 -0.679   1.5817] [-1.2499 -0.6003  2.3799] [-0.5631 -0.81    2.5168]
desired pos:  [-2.2039 -0.6828  1.5713] [-1.3106 -0.6378  2.2763] [-0.6751 -0.8372  2.4762]
desired pos:  [-2.2083 -0.6864  1.5621] [-1.3552 -0.6745  2.1842] [-0.7647 -0.8615  2.4391]
desired pos:  [-2.2154 -0.6904  1.5509] [-1.426  -0.7138  2.0723] [-0.8731 -0.8887  2.3754]
desired pos:  [-2.2246 -0.6953  1.5373] [-1.518  -0.7628  1.9356] [-0.9942 -0.9274  2.278 ]
desired pos:  [-2.234  -0.6992  1.5262] [-1.6119 -0.8017  1.8244] [-1.1082 -0.9578  2.1659]
desired pos:  [-2.2442 -0.7029  1.5184] [-1.7135 -0.8392  1.7467] [-1.2161 -0.9889  2.046 ]
desired pos:  [-2.2542 -0.7057  1.5114] [-1.8138 -0.867   1.6764] [-1.3053 -1.0122  1.9245]
desired pos:  [-2.2633 -0.7078  1.5089] [-1.905  -0.8882  1.6517] [-1.3721 -1.0286  1.8466]
desired pos:  [-2.272  -0.7093  1.5068] [-1.9918 -0.9034  1.6309] [-1.4266 -1.0374  1.7726]
desired pos:  [-2.2812 -0.7112  1.5048] [-2.0838 -0.9217  1.6107] [-1.484  -1.0472  1.7002]
desired pos:  [-2.2915 -0.7127  1.5032] [-2.1867 -0.9376  1.5949] [-1.5551 -1.0528  1.6321]
desired pos:  [-2.3013 -0.7139  1.5006] [-2.2854 -0.9492  1.5686] [-1.6285 -1.0538  1.5526]
desired pos:  [-2.3121 -0.7147  1.5012] [-2.3929 -0.9575  1.5747] [-1.7193 -1.0537  1.5042]
desired pos:  [-2.32   -0.7149  1.5033] [-2.4718 -0.959   1.5964] [-1.7906 -1.0512  1.4711]
desired pos:  [-2.3281 -0.7144  1.5057] [-2.5525 -0.9545  1.6195] [-1.8731 -1.0497  1.4418]
desired pos:  [-2.3376 -0.7132  1.5068] [-2.648  -0.942   1.6311] [-1.9819 -1.0499  1.4092]
desired pos:  [-2.3474 -0.7108  1.5067] [-2.7463 -0.9183  1.6303] [-2.1069 -1.0499  1.3806]
desired pos:  [-2.3565 -0.7078  1.5068] [-2.8367 -0.8881  1.631 ] [-2.2404 -1.0543  1.3764]
desired pos:  [-2.3656 -0.7035  1.5055] [-2.9279 -0.8455  1.6175] [-2.3977 -1.0524  1.3836]
desired pos:  [-2.3684 -0.6994  1.5036] [-2.9561 -0.8043  1.5993] [-2.5279 -1.0475  1.392 ]
desired pos:  [-2.3703 -0.6971  1.5009] [-2.975  -0.781   1.5714] [-2.6772 -1.0438  1.3961]
desired pos:  [-2.3716 -0.6964  1.4956] [-2.9882 -0.7745  1.5193] [-2.8272 -1.0367  1.3963]
desired pos:  [-2.3708 -0.6967  1.4884] [-2.9796 -0.7776  1.4474] [-2.9552 -1.0255  1.3856]
desired pos:  [-2.3696 -0.6973  1.4797] [-2.9675 -0.7827  1.3603] [-3.0687 -1.0114  1.3758]
desired pos:  [-2.3674 -0.6988  1.4699] [-2.9458 -0.7977  1.2623] [-3.177  -1.003   1.3562]
desired pos:  [-2.3602 -0.7007  1.4585] [-2.8738 -0.817   1.1476] [-3.2544 -0.9948  1.3075]
desired pos:  [-2.3508 -0.7027  1.4452] [-2.7802 -0.8377  1.0146] [-3.3161 -0.9892  1.2454]
desired pos:  [-2.3394 -0.7048  1.432 ] [-2.6662 -0.8585  0.8833] [-3.3573 -0.9863  1.1804]
desired pos:  [-2.3259 -0.7066  1.4188] [-2.5306 -0.8757  0.7512] [-3.3727 -0.9841  1.1033]
desired pos:  [-2.3118 -0.7074  1.407 ] [-2.3902 -0.8838  0.633 ] [-3.3734 -0.978   1.0193]
desired pos:  [-2.2952 -0.7066  1.3938] [-2.2235 -0.876   0.5009] [-3.3294 -0.9618  0.894 ]
desired pos:  [-2.2792 -0.705   1.3826] [-2.064  -0.8602  0.3887] [-3.2634 -0.9431  0.7608]
desired pos:  [-2.2673 -0.7031  1.3755] [-1.9454 -0.8412  0.3183] [-3.1719 -0.9224  0.627 ]
desired pos:  [-2.2526 -0.7008  1.3664] [-1.7978 -0.8183  0.2273] [-3.0506 -0.9028  0.49  ]
desired pos:  [-2.2425 -0.6984  1.3584] [-1.6971 -0.7945  0.1468] [-2.9185 -0.8801  0.3713]
desired pos:  [-2.2312 -0.6956  1.351 ] [-1.5838 -0.7666  0.0732] [-2.7656 -0.8535  0.2514]
desired pos:  [-2.2204 -0.6928  1.3446] [-1.4758 -0.7383  0.0093] [-2.6067 -0.8248  0.1469]
desired pos:  [-2.2103 -0.6898  1.3376] [-1.3752 -0.7077 -0.0606] [-2.441  -0.7948  0.0448]
desired pos:  [-2.2051 -0.6871  1.3326] [-1.3232 -0.6807 -0.1111] [-2.3093 -0.7728 -0.0314]
desired pos:  [-2.2033 -0.6838  1.3289] [-1.3053 -0.6486 -0.1476] [-2.1994 -0.7527 -0.0863]
desired pos:  [-2.2026 -0.6794  1.3242] [-1.2983 -0.6046 -0.1955] [-2.0941 -0.7297 -0.1433]
desired pos:  [-2.1997 -0.6741  1.3178] [-1.2689 -0.551  -0.2586] [-1.9658 -0.706  -0.2062]
desired pos:  [-2.1996 -0.6684  1.312 ] [-1.2679 -0.494  -0.3167] [-1.8707 -0.6868 -0.2578]
desired pos:  [-2.196  -0.6615  1.3053] [-1.232  -0.4253 -0.3842] [-1.7491 -0.6601 -0.3176]
desired pos:  [-2.1945 -0.6545  1.3001] [-1.2173 -0.3554 -0.4356] [-1.6601 -0.6314 -0.3657]
desired pos:  [-2.1878 -0.6469  1.2934] [-1.1499 -0.2793 -0.5028] [-1.5316 -0.59   -0.44  ]
desired pos:  [-2.1838 -0.6406  1.2899] [-1.1096 -0.2163 -0.5384] [-1.4431 -0.5487 -0.499 ]
desired pos:  [-2.1789 -0.6356  1.2887] [-1.0613 -0.1658 -0.5499] [-1.3548 -0.4999 -0.5528]
desired pos:  [-2.1742 -0.631   1.2857] [-1.0136 -0.1207 -0.5799] [-1.271  -0.4352 -0.6164]
desired pos:  [-2.17   -0.6272  1.2806] [-0.9724 -0.0818 -0.6314] [-1.1936 -0.3636 -0.6748]
desired pos:  [-2.1673 -0.6242  1.2762] [-0.9452 -0.0522 -0.6747] [-1.1299 -0.2942 -0.717 ]
desired pos:  [-2.1668 -0.6232  1.2748] [-0.9402 -0.0426 -0.6888] [-1.0947 -0.2417 -0.7356]
desired pos:  [-2.1618 -0.62    1.2725] [-0.8895 -0.0101 -0.7117] [-1.0281 -0.1668 -0.7709]
desired pos:  [-2.1551 -0.616   1.2704] [-0.8232  0.0297 -0.7326] [-0.9662 -0.0871 -0.8148]
desired pos:  [-2.1464 -0.6113  1.2688] [-0.7355  0.0766 -0.7496] [-0.9035 -0.0069 -0.8622]
desired pos:  [-2.1377 -0.6072  1.2692] [-0.649   0.1177 -0.7452] [-0.8549  0.0584 -0.8931]
desired pos:  [-2.1317 -0.6051  1.2723] [-0.5884  0.1387 -0.7141] [-0.8321  0.094  -0.907 ]
desired pos:  [-2.1253 -0.6005  1.2757] [-0.5253  0.1844 -0.6796] [-0.7966  0.1467 -0.9253]
desired pos:  [-2.1213 -0.5977  1.2809] [-0.4849  0.2124 -0.6282] [-0.7719  0.1769 -0.93  ]
desired pos:  [-2.1165 -0.5944  1.2856] [-0.4371  0.2462 -0.5808] [-0.73    0.2093 -0.9396]
desired pos:  [-2.1129 -0.5899  1.291 ] [-0.4007  0.2908 -0.5267] [-0.6904  0.2499 -0.9381]
desired pos:  [-2.109  -0.5864  1.2969] [-0.3621  0.3258 -0.4679] [-0.6411  0.2802 -0.9194]
desired pos:  [-2.106  -0.5826  1.302 ] [-0.3321  0.3635 -0.417 ] [-0.5946  0.3143 -0.8934]
desired pos:  [-2.1015 -0.5788  1.3059] [-0.2866  0.4017 -0.3777] [-0.5284  0.3514 -0.8581]
desired pos:  [-2.0962 -0.5755  1.3079] [-0.2344  0.4347 -0.3579] [-0.4532  0.3862 -0.8183]
desired pos:  [-2.0899 -0.5716  1.3095] [-0.1711  0.4741 -0.3425] [-0.3676  0.43   -0.7574]
desired pos:  [-2.0849 -0.5684  1.31  ] [-0.121   0.5062 -0.3374] [-0.2968  0.4687 -0.6925]
desired pos:  [-2.0795 -0.5653  1.3092] [-0.0668  0.5372 -0.3454] [-0.2237  0.5089 -0.6418]
desired pos:  [-2.0734 -0.5622  1.307 ] [-0.0056  0.5675 -0.367 ] [-0.1488  0.5504 -0.6074]
desired pos:  [-2.0668 -0.559   1.3055] [ 0.0599  0.5998 -0.3824] [-0.0799  0.5953 -0.5698]
desired pos:  [-2.0587 -0.5547  1.3038] [ 0.1411  0.6427 -0.3996] [-0.0118  0.6528 -0.5477]
desired pos:  [-2.0493 -0.5526  1.3041] [ 0.2352  0.664  -0.3964] [ 0.0456  0.6931 -0.5378]
desired pos:  [-2.0372 -0.5511  1.3052] [ 0.3565  0.679  -0.3847] [ 0.115   0.7322 -0.5487]
desired pos:  [-2.0264 -0.5505  1.3079] [ 0.4644  0.6851 -0.3577] [ 0.1771  0.7664 -0.5551]
desired pos:  [-2.0179 -0.5514  1.3111] [ 0.5492  0.6763 -0.3264] [ 0.2348  0.7875 -0.5636]
desired pos:  [-2.0097 -0.5518  1.3147] [ 0.6312  0.6714 -0.2896] [ 0.3138  0.8126 -0.5705]
desired pos:  [-2.0028 -0.553   1.3199] [ 0.7     0.6598 -0.2385] [ 0.3985  0.827  -0.5639]
desired pos:  [-1.9995 -0.554   1.3259] [ 0.7327  0.6494 -0.1779] [ 0.4629  0.8375 -0.5503]
desired pos:  [-1.9972 -0.555   1.3312] [ 0.7556  0.6403 -0.1253] [ 0.5276  0.843  -0.5378]
desired pos:  [-1.9921 -0.5555  1.3326] [ 0.8071  0.6346 -0.1111] [ 0.6168  0.8451 -0.5079]
desired pos:  [-1.9855 -0.5563  1.3312] [ 0.873   0.627  -0.1247] [ 0.7133  0.8408 -0.4583]
desired pos:  [-1.9806 -0.5575  1.3308] [ 0.9221  0.6144 -0.1288] [ 0.7934  0.8297 -0.3992]
desired pos:  [-1.9795 -0.5585  1.3274] [ 0.9335  0.605  -0.1634] [ 0.8351  0.8209 -0.3707]
desired pos:  [-1.9776 -0.5598  1.3225] [ 0.9521  0.5918 -0.2122] [ 0.8822  0.8071 -0.3568]
desired pos:  [-1.9752 -0.5604  1.3168] [ 0.976   0.5862 -0.2691] [ 0.9314  0.8003 -0.3509]
desired pos:  [-1.9736 -0.5625  1.3113] [ 0.9925  0.5646 -0.3237] [ 0.9695  0.7769 -0.3437]
desired pos:  [-1.9725 -0.5634  1.3047] [ 1.0032  0.5557 -0.39  ] [ 0.998   0.7658 -0.3496]
desired pos:  [-1.9705 -0.5637  1.2976] [ 1.0229  0.5532 -0.4616] [ 1.0324  0.7606 -0.3701]
desired pos:  [-1.9691 -0.5637  1.2903] [ 1.0373  0.5528 -0.5341] [ 1.0586  0.7569 -0.4096]
desired pos:  [-1.9671 -0.5621  1.2842] [ 1.0574  0.569  -0.5948] [ 1.0873  0.7691 -0.4522]
desired pos:  [-1.9658 -0.5617  1.2793] [ 1.0696  0.5728 -0.644 ] [ 1.1043  0.7683 -0.4951]
desired pos:  [-1.9644 -0.5605  1.2752] [ 1.084   0.5849 -0.6847] [ 1.1204  0.7753 -0.5445]
desired pos:  [-1.9627 -0.5599  1.2724] [ 1.1013  0.5911 -0.7135] [ 1.1371  0.7758 -0.602 ]
desired pos:  [-1.9606 -0.5591  1.2715] [ 1.1222  0.5987 -0.7221] [ 1.1563  0.7773 -0.6578]
desired pos:  [-1.9586 -0.5587  1.2686] [ 1.142   0.6024 -0.7512] [ 1.1752  0.7748 -0.7433]
desired pos:  [-1.9562 -0.558   1.2675] [ 1.1665  0.6103 -0.7625] [ 1.2011  0.7767 -0.8116]
desired pos:  [-1.9555 -0.5575  1.2689] [ 1.1731  0.6145 -0.7479] [ 1.2121  0.7753 -0.8488]
desired pos:  [-1.9554 -0.5582  1.2707] [ 1.1736  0.6082 -0.7299] [ 1.2198  0.7642 -0.8755]
desired pos:  [-1.9546 -0.5564  1.2722] [ 1.1823  0.6263 -0.7151] [ 1.2379  0.7784 -0.8987]
desired pos:  [-1.9549 -0.556   1.2734] [ 1.179   0.63   -0.7028] [ 1.2451  0.7795 -0.9128]
desired pos:  [-1.9548 -0.5552  1.2738] [ 1.1796  0.6377 -0.6988] [ 1.2566  0.7859 -0.9216]
desired pos:  [-1.9555 -0.5551  1.2738] [ 1.1735  0.6385 -0.6992] [ 1.261   0.7867 -0.9222]
desired pos:  [-1.9556 -0.5542  1.2726] [ 1.1725  0.6475 -0.7109] [ 1.2697  0.7968 -0.9241]
desired pos:  [-1.9556 -0.5539  1.2712] [ 1.1724  0.6513 -0.7253] [ 1.2779  0.8027 -0.9216]
desired pos:  [-1.9557 -0.5539  1.2691] [ 1.1714  0.6512 -0.7459] [ 1.2838  0.8055 -0.9212]
desired pos:  [-1.956  -0.554   1.2671] [ 1.1682  0.6494 -0.7662] [ 1.2858  0.8071 -0.9214]
desired pos:  [-1.956  -0.5538  1.2655] [ 1.168   0.6514 -0.7818] [ 1.289   0.813  -0.9199]
desired pos:  [-1.9562 -0.5538  1.2643] [ 1.1657  0.6516 -0.7944] [ 1.288   0.8172 -0.9209]
desired pos:  [-1.9568 -0.5547  1.2634] [ 1.1598  0.6429 -0.8036] [ 1.2811  0.8122 -0.9259]
desired pos:  [-1.956  -0.5539  1.2625] [ 1.1684  0.6504 -0.8123] [ 1.2862  0.8232 -0.9407]
desired pos:  [-1.9566 -0.5539  1.2631] [ 1.1623  0.6509 -0.8064] [ 1.2738  0.8264 -0.9493]
desired pos:  [-1.9558 -0.5532  1.2639] [ 1.1699  0.6577 -0.7979] [ 1.2724  0.8352 -0.9635]
desired pos:  [-1.9556 -0.5535  1.2665] [ 1.1722  0.6546 -0.772 ] [ 1.2631  0.8333 -0.9698]
desired pos:  [-1.955  -0.553   1.2694] [ 1.1782  0.6601 -0.7427] [ 1.255   0.839  -0.9818]
desired pos:  [-1.9542 -0.5527  1.2735] [ 1.1858  0.6624 -0.702 ] [ 1.2469  0.8407 -0.9887]
desired pos:  [-1.9532 -0.5525  1.2776] [ 1.1962  0.6651 -0.6607] [ 1.2407  0.8422 -0.9959]
desired pos:  [-1.9521 -0.5522  1.2829] [ 1.2072  0.6677 -0.6085] [ 1.2349  0.8431 -0.9916]
desired pos:  [-1.9506 -0.5514  1.2885] [ 1.2217  0.6757 -0.5521] [ 1.2334  0.8493 -0.9793]
desired pos:  [-1.9499 -0.551   1.2961] [ 1.229   0.6797 -0.4764] [ 1.2266  0.8518 -0.9356]
desired pos:  [-1.9496 -0.5516  1.3024] [ 1.2322  0.6743 -0.4136] [ 1.2177  0.8454 -0.8968]
desired pos:  [-1.948  -0.5511  1.3084] [ 1.2477  0.6787 -0.3527] [ 1.2233  0.8497 -0.8619]
desired pos:  [-1.947  -0.5517  1.3149] [ 1.2584  0.6725 -0.2884] [ 1.227   0.8446 -0.8228]
desired pos:  [-1.9467 -0.5533  1.3218] [ 1.2609  0.6568 -0.219 ] [ 1.2256  0.8313 -0.7726]
desired pos:  [-1.9462 -0.5544  1.3283] [ 1.2664  0.646  -0.1545] [ 1.2304  0.8241 -0.7158]
desired pos:  [-1.9463 -0.5557  1.334 ] [ 1.2652  0.6329 -0.097 ] [ 1.2309  0.8154 -0.6514]
desired pos:  [-1.9452 -0.5564  1.3378] [ 1.2761  0.6257 -0.0589] [ 1.245   0.8133 -0.5963]
desired pos:  [-1.9448 -0.5588  1.3414] [ 1.2804  0.6018 -0.0229] [ 1.2532  0.7945 -0.5262]
desired pos:  [-1.9432 -0.5604  1.3423] [ 1.2959  0.5859 -0.0146] [ 1.2726  0.7835 -0.4666]
press 3 button to land
[-1.9433 -0.5428  1.3031]
[-1.9971 -0.6194  0.6   ]
