Warning: No joystick found!
crazyflie id: 1
100000000.0 8
loading model :  deq-1-mpc_FlyingCartpole_obstacles_lr1e3_ineqfix_innerdeqinpGN_andersongoodgradlast_phontom3ReLU_03sdata_qpsolve_gradclip2_noemb_Q10-10-80-1-1R1e8_ub03obsr04_again_T5_bsz200_deq_iter1_hdim1024_valfrac1.0
press 1 button to takeoff
crazyflie position: [-2.5533 -0.8521  0.7541]
crazyflie position: [-2.5533 -0.8521  0.7541]
crazyflie position: [-2.5534 -0.8521  0.754 ]
crazyflie position: [-2.5534 -0.8521  0.754 ]
crazyflie position: [-2.5535 -0.8522  0.754 ]
crazyflie position: [-2.5535 -0.8522  0.754 ]
crazyflie position: [-2.5535 -0.8522  0.754 ]
crazyflie position: [-2.5535 -0.8522  0.754 ]
crazyflie position: [-2.5533 -0.8521  0.7541]
crazyflie position: [-2.5534 -0.8521  0.754 ]
1press 2 button to run DEQ-MPC scenerio
2desired pos:  [-2.6083 -0.851   0.7966] [-4.0905 -1.382  -3.7052] [-4.0909 -1.382  -3.7326]
desired pos:  [-2.6033 -0.8719  0.9771] [-4.0403 -1.5915 -1.9001] [-4.0446 -1.5917 -1.9252]
desired pos:  [-2.6029 -0.8722  0.9683] [-4.0365 -1.5942 -1.9877] [-4.0561 -1.5963 -2.0113]
desired pos:  [-2.6052 -0.8718  0.9261] [-4.0599 -1.5902 -2.4097] [-4.1068 -1.5975 -2.4861]
desired pos:  [-2.6102 -0.8763  0.8951] [-4.1094 -1.6354 -2.7195] [-4.2004 -1.6529 -2.8415]
desired pos:  [-2.6121 -0.8875  0.8989] [-4.1285 -1.7467 -2.6822] [-4.2841 -1.779  -2.8406]
desired pos:  [-2.6126 -0.9019  0.9166] [-4.1335 -1.8909 -2.5044] [-4.3742 -1.9424 -2.6864]
desired pos:  [-2.6068 -0.9066  0.9173] [-4.0757 -1.9382 -2.4982] [-4.4158 -2.0127 -2.6891]
desired pos:  [-2.5988 -0.907   0.9067] [-3.9954 -1.9423 -2.6041] [-4.4415 -2.0436 -2.7941]
desired pos:  [-2.589  -0.9028  0.8998] [-3.8979 -1.8997 -2.6724] [-4.4487 -2.031  -2.8593]
desired pos:  [-2.579  -0.896   0.9048] [-3.7976 -1.8322 -2.623 ] [-4.4446 -1.9943 -2.8141]
desired pos:  [-2.5696 -0.8897  0.9101] [-3.7037 -1.7688 -2.5698] [-4.4318 -1.9596 -2.7798]
desired pos:  [-2.5609 -0.8837  0.9096] [-3.6163 -1.7089 -2.5745] [-4.406  -1.9233 -2.8156]
desired pos:  [-2.5515 -0.8785  0.9084] [-3.5231 -1.6569 -2.5864] [-4.3542 -1.8885 -2.8626]
desired pos:  [-2.5418 -0.873   0.9153] [-3.4255 -1.6024 -2.5173] [-4.2823 -1.8472 -2.8347]
desired pos:  [-2.5314 -0.8661  0.9227] [-3.3222 -1.5333 -2.4439] [-4.192  -1.7895 -2.8077]
desired pos:  [-2.5217 -0.8575  0.9268] [-3.2245 -1.4468 -2.4026] [-4.0913 -1.7133 -2.8174]
desired pos:  [-2.5145 -0.8487  0.9355] [-3.1523 -1.3586 -2.3157] [-3.9866 -1.6255 -2.7928]
desired pos:  [-2.5073 -0.8377  0.9483] [-3.0805 -1.2493 -2.1881] [-3.8833 -1.5326 -2.7279]
desired pos:  [-2.5007 -0.8274  0.955 ] [-3.0147 -1.1456 -2.1207] [-3.7777 -1.4358 -2.6707]
desired pos:  [-2.4939 -0.8167  0.961 ] [-2.9462 -1.0395 -2.0612] [-3.6718 -1.3403 -2.622 ]
desired pos:  [-2.4867 -0.8051  0.9736] [-2.8749 -0.9231 -1.9352] [-3.5682 -1.2365 -2.5366]
desired pos:  [-2.4796 -0.7936  0.9883] [-2.8036 -0.808  -1.7882] [-3.4758 -1.1336 -2.4432]
desired pos:  [-2.472  -0.782   1.0004] [-2.7277 -0.6917 -1.6671] [-3.3887 -1.0266 -2.3638]
desired pos:  [-2.4647 -0.7715  1.0121] [-2.6543 -0.587  -1.55  ] [-3.3099 -0.9282 -2.2691]
desired pos:  [-2.4571 -0.7608  1.0262] [-2.5784 -0.4797 -1.4092] [-3.2311 -0.8245 -2.1436]
desired pos:  [-2.4512 -0.7522  1.0376] [-2.5196 -0.3937 -1.2948] [-3.169  -0.7393 -2.0363]
desired pos:  [-2.4454 -0.7428  1.045 ] [-2.4618 -0.2998 -1.2208] [-3.1064 -0.6435 -1.9444]
desired pos:  [-2.4393 -0.7322  1.054 ] [-2.4008 -0.1938 -1.1305] [-3.0388 -0.533  -1.8314]
desired pos:  [-2.5799 -0.8798  0.9559] [-3.8065 -1.6698 -2.1116] [-4.4364 -2.0004 -2.8341]
desired pos:  [-2.4259 -0.7092  1.0847] [-2.2667  0.0358 -0.8235] [-2.8899 -0.284  -1.5917]
desired pos:  [-2.4198 -0.6978  1.0958] [-2.2056  0.1499 -0.7128] [-2.8261 -0.1592 -1.5081]
desired pos:  [-2.4232 -0.6989  1.0846] [-2.2392  0.139  -0.8252] [-2.8646 -0.1551 -1.6375]
desired pos:  [-2.428  -0.7044  1.083 ] [-2.2875  0.0837 -0.8408] [-2.9267 -0.1901 -1.6701]
desired pos:  [-2.4216 -0.6989  1.1086] [-2.2242  0.1387 -0.5848] [-2.8872 -0.1107 -1.4422]
desired pos:  [-2.4064 -0.6849  1.1344] [-2.0722  0.2788 -0.327 ] [-2.7628  0.0508 -1.1718]
desired pos:  [-2.3909 -0.6713  1.14  ] [-1.9165  0.4147 -0.2708] [-2.6321  0.2054 -1.0628]
desired pos:  [-2.3786 -0.6623  1.1443] [-1.7938  0.5047 -0.2275] [-2.5311  0.3168 -0.9745]
desired pos:  [-2.3694 -0.6547  1.1556] [-1.7021  0.5811 -0.1153] [-2.4493  0.4139 -0.8061]
desired pos:  [-2.3627 -0.6479  1.1665] [-1.6347  0.6486 -0.006 ] [-2.3798  0.5008 -0.6315]
desired pos:  [-2.3555 -0.6397  1.1734] [-1.563   0.7312  0.063 ] [-2.2954  0.6043 -0.4996]
desired pos:  [-2.3489 -0.6328  1.1804] [-1.4964  0.8001  0.1331] [-2.206   0.7059 -0.4081]
desired pos:  [-2.3411 -0.6265  1.1892] [-1.4188  0.8633  0.2211] [-2.0991  0.8178 -0.2947]
desired pos:  [-2.3315 -0.6186  1.195 ] [-1.3227  0.9415  0.2789] [-2.0029  0.9246 -0.1865]
desired pos:  [-2.3214 -0.6113  1.1956] [-1.2215  1.0146  0.2856] [-1.8981  1.0338 -0.1042]
desired pos:  [-2.3122 -0.6067  1.1997] [-1.1299  1.0612  0.3266] [-1.8106  1.126  -0.0289]
desired pos:  [-2.3019 -0.602   1.2047] [-1.027   1.1076  0.3765] [-1.7229  1.2155  0.0429]
desired pos:  [-2.292  -0.5985  1.2046] [-0.9277  1.1434  0.3757] [-1.644   1.2821  0.0781]
desired pos:  [-2.2789 -0.5943  1.2055] [-0.7968  1.1848  0.3839] [-1.5385  1.3471  0.1099]
desired pos:  [-2.2674 -0.591   1.205 ] [-0.6821  1.2175  0.3795] [-1.4441  1.3964  0.142 ]
desired pos:  [-2.2549 -0.5879  1.2029] [-0.5567  1.2485  0.3587] [-1.3306  1.4394  0.1769]
desired pos:  [-2.242  -0.5847  1.1994] [-0.4279  1.2809  0.3235] [-1.208   1.4823  0.1992]
desired pos:  [-2.2336 -0.5831  1.1945] [-0.3437  1.2966  0.2746] [-1.124   1.5072  0.2065]
desired pos:  [-2.2242 -0.5804  1.1892] [-0.2494  1.3242  0.2214] [-1.0233  1.5422  0.2069]
desired pos:  [-2.2131 -0.577   1.1822] [-0.1382  1.358   0.1513] [-0.8944  1.5801  0.1887]
desired pos:  [-2.2035 -0.5745  1.178 ] [-0.0425  1.3829  0.1094] [-0.7738  1.6121  0.1483]
desired pos:  [-2.1959 -0.5728  1.1784] [0.0333 1.4003 0.1135] [-0.6532  1.6367  0.104 ]
desired pos:  [-2.1897 -0.5718  1.1779] [0.0955 1.4099 0.1078] [-0.5368  1.6538  0.0518]
desired pos:  [-2.1868 -0.5714  1.1775] [0.1245 1.4144 0.1046] [-0.4481  1.6668  0.0048]
desired pos:  [-2.1861 -0.5715  1.1788] [0.1311 1.413  0.117 ] [-0.3797  1.6756 -0.0252]
desired pos:  [-2.1852 -0.5711  1.1803] [0.1399 1.4173 0.1324] [-0.3123  1.6909 -0.0475]
desired pos:  [-2.1803 -0.5702  1.1795] [0.189  1.4262 0.1244] [-0.2193  1.7078 -0.061 ]
desired pos:  [-2.1741 -0.5692  1.1769] [0.2509 1.4359 0.098 ] [-0.13    1.721  -0.0636]
desired pos:  [-2.1691 -0.5686  1.1737] [0.3015 1.4417 0.0659] [-0.0618  1.7282 -0.063 ]
desired pos:  [-2.1642 -0.5684  1.1729] [0.3505 1.4435 0.0581] [ 0.0011  1.7311 -0.0593]
desired pos:  [-2.1608 -0.5689  1.1758] [0.3847 1.4388 0.0872] [ 0.0496  1.7279 -0.0631]
desired pos:  [-2.1564 -0.5697  1.1779] [0.4283 1.4308 0.108 ] [ 0.109   1.722  -0.0853]
desired pos:  [-2.1536 -0.5697  1.1795] [0.456  1.4313 0.1243] [ 0.158  1.725 -0.113]
desired pos:  [-2.1508 -0.5705  1.1848] [0.4841 1.4231 0.1775] [ 0.2165  1.719  -0.1085]
desired pos:  [-2.15   -0.5708  1.1921] [0.4919 1.4198 0.25  ] [ 0.2652  1.7162 -0.086 ]
desired pos:  [-2.1476 -0.5711  1.1934] [0.5158 1.4168 0.2629] [ 0.3293  1.7112 -0.0664]
desired pos:  [-2.146 -0.572  1.19 ] [0.5322 1.4082 0.2296] [ 0.385   1.6979 -0.0333]
desired pos:  [-2.1445 -0.5729  1.1829] [0.5469 1.3985 0.1582] [0.4309 1.6784 0.0013]
desired pos:  [-2.1439 -0.5768  1.1732] [0.5528 1.3602 0.0614] [0.4646 1.6419 0.042 ]
desired pos:  [-2.1461 -0.5808  1.1674] [0.5314 1.32   0.0033] [0.5045 1.594  0.0328]
desired pos:  [-2.151  -0.5865  1.1615] [ 0.4821  1.263  -0.0562] [ 0.5266  1.5308 -0.0086]
desired pos:  [-2.1575 -0.5936  1.1539] [ 0.4175  1.1917 -0.1315] [ 0.533   1.4537 -0.0651]
desired pos:  [-2.1637 -0.6006  1.1443] [ 0.3554  1.1219 -0.2281] [ 0.5381  1.3775 -0.1294]
desired pos:  [-2.1726 -0.6081  1.1382] [ 0.2661  1.0471 -0.289 ] [ 0.5214  1.2969 -0.1771]
desired pos:  [-2.1838 -0.6149  1.1337] [ 0.1539  0.9793 -0.3342] [ 0.4874  1.2243 -0.245 ]
desired pos:  [-2.1937 -0.6214  1.1293] [ 0.0557  0.9139 -0.3774] [ 0.4505  1.1562 -0.3271]
desired pos:  [-2.203  -0.6284  1.1262] [-0.0377  0.844  -0.409 ] [ 0.3888  1.0855 -0.4058]
desired pos:  [-2.2112 -0.6351  1.1248] [-0.1197  0.7765 -0.4233] [ 0.3087  1.0186 -0.4657]
desired pos:  [-2.2186 -0.6435  1.1241] [-0.1936  0.6931 -0.4295] [ 0.2114  0.9364 -0.514 ]
desired pos:  [-2.225  -0.6525  1.1237] [-0.2579  0.6032 -0.4335] [ 0.1057  0.8481 -0.5545]
desired pos:  [-2.2274 -0.6608  1.125 ] [-0.2813  0.5196 -0.4204] [ 0.0324  0.7672 -0.574 ]
desired pos:  [-2.2281 -0.6685  1.1277] [-0.2886  0.4425 -0.3933] [-0.0242  0.6941 -0.5874]
desired pos:  [-2.2292 -0.6772  1.1307] [-0.3002  0.3561 -0.3634] [-0.0757  0.6129 -0.6025]
desired pos:  [-2.2318 -0.686   1.1295] [-0.3257  0.2682 -0.3762] [-0.1264  0.5309 -0.6045]
desired pos:  [-2.2348 -0.6936  1.1254] [-0.3557  0.1922 -0.4163] [-0.1799  0.4424 -0.5943]
desired pos:  [-2.2391 -0.7059  1.1222] [-0.3987  0.0688 -0.449 ] [-0.229   0.3497 -0.5711]
desired pos:  [-2.2414 -0.7165  1.1215] [-0.4221 -0.0366 -0.4559] [-0.2732  0.2531 -0.5584]
desired pos:  [-2.2425 -0.7257  1.1172] [-0.4323 -0.1288 -0.499 ] [-0.308   0.1586 -0.572 ]
desired pos:  [-2.2425 -0.7332  1.1145] [-0.4328 -0.2041 -0.5257] [-0.3383  0.067  -0.5936]
desired pos:  [-2.2421 -0.7404  1.1175] [-0.4284 -0.2756 -0.4954] [-0.3737 -0.0291 -0.6045]
desired pos:  [-2.2412 -0.7459  1.1202] [-0.4199 -0.3309 -0.469 ] [-0.4035 -0.1108 -0.6166]
desired pos:  [-2.2403 -0.7511  1.1224] [-0.4111 -0.3831 -0.4471] [-0.4248 -0.191  -0.6281]
desired pos:  [-2.2391 -0.7549  1.1241] [-0.3989 -0.4213 -0.4298] [-0.4329 -0.259  -0.6411]
desired pos:  [-2.2375 -0.7569  1.1268] [-0.3824 -0.4412 -0.4032] [-0.4292 -0.3107 -0.6488]
desired pos:  [-2.2364 -0.7584  1.1315] [-0.372  -0.4564 -0.3561] [-0.4259 -0.3594 -0.6405]
desired pos:  [-2.2346 -0.7592  1.1366] [-0.3542 -0.4636 -0.3044] [-0.4109 -0.4012 -0.6266]
desired pos:  [-2.2329 -0.7594  1.142 ] [-0.3363 -0.4657 -0.2509] [-0.3912 -0.439  -0.6083]
desired pos:  [-2.2313 -0.761   1.1465] [-0.3209 -0.4819 -0.2054] [-0.3694 -0.4876 -0.5703]
desired pos:  [-2.2302 -0.7625  1.1514] [-0.3093 -0.4975 -0.1571] [-0.3448 -0.5351 -0.5227]
desired pos:  [-2.2316 -0.7631  1.1593] [-0.3239 -0.5033 -0.0781] [-0.3382 -0.575  -0.4662]
desired pos:  [-2.2331 -0.7627  1.1666] [-0.3391 -0.4992 -0.0051] [-0.3323 -0.6032 -0.4184]
desired pos:  [-2.2351 -0.7616  1.1733] [-0.3585 -0.4877  0.0621] [-0.3364 -0.6213 -0.3769]
desired pos:  [-2.2362 -0.7602  1.1794] [-0.3698 -0.4736  0.1236] [-0.3437 -0.6308 -0.3223]
desired pos:  [-2.237  -0.7596  1.1843] [-0.378  -0.468   0.1722] [-0.3585 -0.6393 -0.2393]
desired pos:  [-2.2376 -0.7598  1.1877] [-0.3841 -0.4704  0.2059] [-0.3769 -0.6461 -0.1553]
desired pos:  [-2.2378 -0.76    1.1896] [-0.3855 -0.472   0.2254] [-0.3896 -0.64   -0.0978]
desired pos:  [-2.2389 -0.7615  1.1924] [-0.3965 -0.487   0.2532] [-0.407  -0.6403 -0.034 ]
desired pos:  [-2.2398 -0.7637  1.193 ] [-0.4056 -0.509   0.2594] [-0.4202 -0.6424  0.0137]
desired pos:  [-2.2401 -0.7679  1.197 ] [-0.4085 -0.5511  0.2995] [-0.4348 -0.6585  0.0535]
desired pos:  [-2.2389 -0.7729  1.204 ] [-0.3964 -0.6012  0.3689] [-0.444 -0.681  0.083]
desired pos:  [-2.2376 -0.7782  1.2105] [-0.3833 -0.6545  0.4345] [-0.4562 -0.712   0.1054]
desired pos:  [-2.2366 -0.7823  1.2174] [-0.3739 -0.6947  0.5035] [-0.471  -0.7354  0.1261]
desired pos:  [-2.2358 -0.7856  1.225 ] [-0.3659 -0.7278  0.5789] [-0.4791 -0.7561  0.1514]
desired pos:  [-2.2372 -0.7891  1.2361] [-0.3801 -0.7632  0.6904] [-0.4961 -0.7819  0.2082]
desired pos:  [-2.2401 -0.7921  1.2491] [-0.4085 -0.7926  0.8206] [-0.5115 -0.8041  0.2824]
desired pos:  [-2.2436 -0.7939  1.2609] [-0.4436 -0.8111  0.9384] [-0.5183 -0.8187  0.3463]
desired pos:  [-2.2473 -0.7953  1.274 ] [-0.4805 -0.8255  1.0697] [-0.5159 -0.834   0.4386]
desired pos:  [-2.2493 -0.7959  1.2833] [-0.501  -0.831   1.1619] [-0.496  -0.8436  0.5508]
desired pos:  [-2.2511 -0.795   1.2843] [-0.5183 -0.822   1.172 ] [-0.4709 -0.8405  0.6358]
desired pos:  [-2.2555 -0.7924  1.2877] [-0.5629 -0.7957  1.2064] [-0.4521 -0.8263  0.7449]
desired pos:  [-2.2616 -0.7888  1.2926] [-0.6234 -0.7599  1.2554] [-0.4467 -0.8088  0.8677]
desired pos:  [-2.2677 -0.7844  1.2928] [-0.6847 -0.7165  1.2569] [-0.456  -0.7897  0.9454]
desired pos:  [-2.2746 -0.7795  1.2899] [-0.7533 -0.6669  1.2284] [-0.4818 -0.7703  0.994 ]
desired pos:  [-2.2817 -0.7727  1.2914] [-0.8249 -0.5987  1.2431] [-0.5167 -0.7469  1.05  ]
desired pos:  [-2.288  -0.7652  1.2911] [-0.8881 -0.5241  1.24  ] [-0.5547 -0.7161  1.087 ]
desired pos:  [-2.2927 -0.7585  1.284 ] [-0.9348 -0.4571  1.1696] [-0.6051 -0.6807  1.0837]
desired pos:  [-2.2973 -0.7523  1.2756] [-0.9807 -0.3947  1.0851] [-0.6637 -0.6419  1.0707]
desired pos:  [-2.3018 -0.7461  1.2686] [-1.026  -0.3326  1.0152] [-0.7329 -0.5987  1.0592]
desired pos:  [-2.3051 -0.7407  1.2615] [-1.0587 -0.279   0.9439] [-0.7982 -0.5588  1.0372]
desired pos:  [-2.3088 -0.7345  1.2533] [-1.0953 -0.217   0.8617] [-0.8786 -0.5064  0.9787]
desired pos:  [-2.3112 -0.7296  1.2487] [-1.1194 -0.1677  0.816 ] [-0.9609 -0.4626  0.9162]
desired pos:  [-2.3123 -0.7249  1.2453] [-1.131  -0.1206  0.7819] [-1.0372 -0.4165  0.8481]
desired pos:  [-2.3111 -0.7223  1.2443] [-1.1191 -0.0946  0.7718] [-1.0897 -0.388   0.8012]
desired pos:  [-2.3092 -0.7197  1.243 ] [-1.0997 -0.0686  0.7593] [-1.1314 -0.3568  0.7486]
desired pos:  [-2.3074 -0.7174  1.2427] [-1.0817 -0.0464  0.7564] [-1.1695 -0.3272  0.7025]
desired pos:  [-2.3063 -0.7149  1.2434] [-1.0708 -0.0207  0.7628] [-1.2081 -0.2922  0.6627]
desired pos:  [-2.3044 -0.7129  1.2464] [-1.0516 -0.0013  0.7931] [-1.2312 -0.262   0.644 ]
desired pos:  [-2.3026 -0.7091  1.2467] [-1.0342  0.0368  0.7963] [-1.2451 -0.2127  0.6216]
desired pos:  [-2.3009 -0.7065  1.2458] [-1.017   0.063   0.7873] [-1.2487 -0.1757  0.6174]
desired pos:  [-2.2999 -0.7047  1.2445] [-1.0065  0.0805  0.7738] [-1.2533 -0.1464  0.6136]
desired pos:  [-2.299  -0.7021  1.2438] [-0.9975  0.1065  0.7675] [-1.2558 -0.1072  0.6201]
desired pos:  [-2.2982 -0.7016  1.2416] [-0.9902  0.1123  0.745 ] [-1.2573 -0.0868  0.6229]
desired pos:  [-2.2967 -0.6999  1.2382] [-0.9751  0.129   0.7114] [-1.2441 -0.0504  0.6139]
desired pos:  [-2.2959 -0.6984  1.2335] [-0.9671  0.1439  0.6643] [-1.2262 -0.0118  0.6077]
desired pos:  [-2.2962 -0.6971  1.2269] [-0.9698  0.1568  0.5977] [-1.2079  0.0273  0.5992]
desired pos:  [-2.297  -0.6977  1.2239] [-0.9775  0.1514  0.5678] [-1.183   0.0582  0.5825]
desired pos:  [-2.299  -0.6994  1.2239] [-0.9974  0.1337  0.5682] [-1.1691  0.0824  0.5561]
desired pos:  [-2.2982 -0.7002  1.2225] [-0.9895  0.1258  0.5539] [-1.1379  0.1139  0.5096]
desired pos:  [-2.2976 -0.7015  1.2221] [-0.9838  0.1127  0.5499] [-1.123   0.1381  0.4712]
desired pos:  [-2.2968 -0.7018  1.2227] [-0.9758  0.1095  0.5557] [-1.1143  0.1709  0.4421]
desired pos:  [-2.2971 -0.7021  1.2236] [-0.979   0.1068  0.5657] [-1.1158  0.2019  0.423 ]
desired pos:  [-2.2982 -0.7016  1.2205] [-0.9895  0.1117  0.5344] [-1.1209  0.2329  0.4105]
desired pos:  [-2.2999 -0.7014  1.2156] [-1.0064  0.1143  0.4854] [-1.1267  0.2621  0.3935]
desired pos:  [-2.3016 -0.7029  1.2161] [-1.0235  0.0989  0.4901] [-1.136   0.2848  0.3874]
desired pos:  [-2.301  -0.7054  1.2166] [-1.0177  0.0739  0.495 ] [-1.1371  0.3018  0.3655]
desired pos:  [-2.2988 -0.7086  1.2162] [-0.9957  0.0421  0.4908] [-1.1384  0.3087  0.3417]
desired pos:  [-2.2964 -0.7094  1.213 ] [-0.9716  0.0341  0.4592] [-1.1325  0.3163  0.3256]
desired pos:  [-2.2944 -0.7086  1.2071] [-0.9521  0.042   0.4004] [-1.126   0.3226  0.3157]
desired pos:  [-2.2923 -0.7068  1.2003] [-0.9309  0.0604  0.3327] [-1.1217  0.332   0.3033]
desired pos:  [-2.2889 -0.7038  1.1973] [-0.897   0.0898  0.302 ] [-1.116   0.3432  0.2911]
desired pos:  [-2.2854 -0.7006  1.1967] [-0.8617  0.1215  0.2959] [-1.119   0.3488  0.2601]
desired pos:  [-2.282  -0.6986  1.196 ] [-0.8279  0.1423  0.2894] [-1.1185  0.3431  0.2247]
desired pos:  [-2.2783 -0.6984  1.1962] [-0.7908  0.1443  0.291 ] [-1.1051  0.3192  0.1868]
desired pos:  [-2.2756 -0.6989  1.1962] [-0.7641  0.1388  0.291 ] [-1.0917  0.2922  0.164 ]
desired pos:  [-2.2724 -0.7019  1.1939] [-0.732   0.1088  0.2685] [-1.0656  0.2461  0.1434]
desired pos:  [-2.2695 -0.7036  1.1932] [-0.7023  0.0919  0.2613] [-1.0387  0.2154  0.1376]
desired pos:  [-2.2661 -0.7048  1.1897] [-0.6691  0.0804  0.2259] [-1.0065  0.1935  0.129 ]
desired pos:  [-2.2614 -0.7068  1.1824] [-0.6214  0.06    0.1527] [-0.9577  0.1655  0.113 ]
desired pos:  [-2.2559 -0.7095  1.1764] [-0.5668  0.0328  0.0933] [-0.898   0.1303  0.0878]
desired pos:  [-2.2511 -0.7118  1.1759] [-0.5189  0.0095  0.0882] [-0.836   0.097   0.0626]
desired pos:  [-2.249  -0.7137  1.1783] [-0.4981 -0.0093  0.1125] [-0.7897  0.0675  0.0355]
desired pos:  [-2.2474 -0.7171  1.1788] [-0.4821 -0.0434  0.1168] [-0.7386  0.0238 -0.0119]
desired pos:  [-2.247  -0.7214  1.1794] [-0.4777 -0.086   0.123 ] [-0.6926 -0.0272 -0.0506]
desired pos:  [-2.2462 -0.7245  1.1788] [-0.4702 -0.1174  0.1168] [-0.6512 -0.0665 -0.058 ]
desired pos:  [-2.2425 -0.7267  1.1743] [-0.4323 -0.1389  0.0726] [-0.594  -0.0964 -0.0553]
desired pos:  [-2.237  -0.7271  1.1684] [-0.3774 -0.1427  0.0129] [-0.5288 -0.1106 -0.0609]
desired pos:  [-2.2315 -0.7263  1.1637] [-0.3226 -0.1347 -0.034 ] [-0.4722 -0.1164 -0.0649]
desired pos:  [-2.2949 -0.6803  1.1987] [-0.9564  0.3245  0.3158] [-1.1146  0.3273  0.3089]
desired pos:  [-2.2163 -0.7246  1.1568] [-0.1706 -0.1184 -0.103 ] [-0.3474 -0.131  -0.1281]
desired pos:  [-2.2104 -0.7249  1.1593] [-0.1122 -0.1213 -0.0779] [-0.3111 -0.1458 -0.1549]
desired pos:  [-2.2098 -0.7247  1.1701] [-0.1055 -0.1186  0.0301] [-0.3184 -0.1485 -0.1005]
desired pos:  [-2.2108 -0.7248  1.1776] [-0.1153 -0.1201  0.1054] [-0.3273 -0.1505 -0.0757]
desired pos:  [-2.2102 -0.7267  1.1743] [-0.1097 -0.1386  0.0724] [-0.3068 -0.1672 -0.1535]
desired pos:  [-2.2075 -0.7295  1.1747] [-0.0828 -0.1669  0.0759] [-0.2551 -0.1938 -0.1687]
desired pos:  [-2.2043 -0.7324  1.1771] [-0.051  -0.1959  0.1006] [-0.1956 -0.2216 -0.1109]
desired pos:  [-2.2027 -0.7347  1.1733] [-0.0346 -0.2187  0.0624] [-0.1434 -0.2469 -0.0914]
desired pos:  [-2.205  -0.7371  1.1681] [-0.0575 -0.2431  0.0099] [-0.1132 -0.2699 -0.1132]
desired pos:  [-2.2095 -0.7386  1.1657] [-0.1023 -0.2583 -0.0138] [-0.0977 -0.2903 -0.1085]
desired pos:  [-2.2131 -0.7396  1.1585] [-0.1392 -0.2676 -0.0853] [-0.0899 -0.3074 -0.1078]
desired pos:  [-2.2192 -0.7396  1.1518] [-0.1996 -0.2683 -0.1524] [-0.0966 -0.3241 -0.1306]
desired pos:  [-2.226  -0.7372  1.1485] [-0.2676 -0.2444 -0.1853] [-0.1021 -0.3268 -0.1693]
desired pos:  [-2.2329 -0.7332  1.1476] [-0.3369 -0.2045 -0.1945] [-0.1173 -0.3185 -0.2111]
desired pos:  [-2.2369 -0.7287  1.1404] [-0.377  -0.1586 -0.2666] [-0.1269 -0.2974 -0.2669]
desired pos:  [-2.2396 -0.7243  1.1302] [-0.4038 -0.115  -0.3687] [-0.144  -0.2707 -0.3057]
desired pos:  [-2.2411 -0.7193  1.1213] [-0.4184 -0.065  -0.4576] [-0.1568 -0.2346 -0.3346]
press 3 button to land
[-2.2173 -0.7318  1.1288]
[-2.2185 -0.7289  1.1247]
